OBJECTNUMMER;HYDRO_ID;Afbeelding;Toelichting;Link_URL;PDF;PDF2;WKT_LNG_LAT;WKT_LAT_LNG;LNG;LAT;
1;66;"";"Oplossingenkaart nog niet beschikbaar.";"";"";"";"POLYGON((4.82795 52.346752,4.827892 52.35138,4.834166 52.35141,4.834223 52.346781,4.82795 52.346752))";"POLYGON((52.346752 4.82795,52.35138 4.827892,52.35141 4.834166,52.346781 4.834223,52.346752 4.82795))";4.8310625;52.349074;
2;15;"";"Oplossingenkaart nog niet beschikbaar.";"";"";"";"POLYGON((4.833919 52.370035,4.833396 52.365692,4.833995 52.352048,4.81193 52.351826,4.803857 52.350119,4.798899 52.359169,4.807946 52.361094,4.808556 52.361098,4.808862 52.360999,4.808981 52.360892,4.809074 52.360737,4.809016 52.360584,4.808878 52.360485,4.808322 52.360353,4.809638 52.357759,4.810521 52.357486,4.815611 52.358466,4.814892 52.359803,4.814992 52.360043,4.815584 52.360314,4.816092 52.360563,4.816826 52.360995,4.819954 52.36332,4.825239 52.367421,4.828274 52.368256,4.82946 52.369764,4.830707 52.369532,4.831956 52.369904,4.832254 52.370309,4.833919 52.370035))";"POLYGON((52.370035 4.833919,52.365692 4.833396,52.352048 4.833995,52.351826 4.81193,52.350119 4.803857,52.359169 4.798899,52.361094 4.807946,52.361098 4.808556,52.360999 4.808862,52.360892 4.808981,52.360737 4.809074,52.360584 4.809016,52.360485 4.808878,52.360353 4.808322,52.357759 4.809638,52.357486 4.810521,52.358466 4.815611,52.359803 4.814892,52.360043 4.814992,52.360314 4.815584,52.360563 4.816092,52.360995 4.816826,52.36332 4.819954,52.367421 4.825239,52.368256 4.828274,52.369764 4.82946,52.369532 4.830707,52.369904 4.831956,52.370309 4.832254,52.370035 4.833919))";4.816452;52.360207;
3;12;"";"Oplossingenkaart nog niet beschikbaar.";"";"";"";"POLYGON((4.83073 52.369911,4.830558 52.370128,4.829689 52.370702,4.826003 52.373182,4.822619 52.373605,4.821047 52.37203,4.815562 52.371862,4.792921 52.374003,4.791949 52.375313,4.789371 52.376394,4.789243 52.376293,4.787494 52.380009,4.787989 52.384125,4.794475 52.384124,4.838773 52.38448,4.838565 52.382433,4.836276 52.376542,4.823799 52.378539,4.824028 52.379198,4.822046 52.379437,4.82162 52.378567,4.834447 52.376495,4.831954 52.370323,4.830793 52.369889,4.83073 52.369911))";"POLYGON((52.369911 4.83073,52.370128 4.830558,52.370702 4.829689,52.373182 4.826003,52.373605 4.822619,52.37203 4.821047,52.371862 4.815562,52.374003 4.792921,52.375313 4.791949,52.376394 4.789371,52.376293 4.789243,52.380009 4.787494,52.384125 4.787989,52.384124 4.794475,52.38448 4.838773,52.382433 4.838565,52.376542 4.836276,52.378539 4.823799,52.379198 4.824028,52.379437 4.822046,52.378567 4.82162,52.376495 4.834447,52.370323 4.831954,52.369889 4.830793,52.369911 4.83073))";4.8131385;52.3771775;
4;67;"";"Oplossingenkaart nog niet beschikbaar.";"";"";"";"POLYGON((4.835505 52.37629,4.836127 52.376209,4.836264 52.376216,4.836251 52.376179,4.836837 52.376031,4.842289 52.375057,4.841471 52.372058,4.841817 52.369206,4.842229 52.360932,4.841859 52.359313,4.841953 52.357819,4.848643 52.357876,4.848699 52.355674,4.842301 52.355653,4.842253 52.352609,4.841786 52.352607,4.841793 52.352084,4.83457 52.352098,4.834184 52.365715,4.834637 52.370392,4.832576 52.370819,4.834595 52.375988,4.835075 52.375955,4.835215 52.376205,4.83535 52.376277,4.835505 52.37629))";"POLYGON((52.37629 4.835505,52.376209 4.836127,52.376216 4.836264,52.376179 4.836251,52.376031 4.836837,52.375057 4.842289,52.372058 4.841471,52.369206 4.841817,52.360932 4.842229,52.359313 4.841859,52.357819 4.841953,52.357876 4.848643,52.355674 4.848699,52.355653 4.842301,52.352609 4.842253,52.352607 4.841786,52.352084 4.841793,52.352098 4.83457,52.365715 4.834184,52.370392 4.834637,52.370819 4.832576,52.375988 4.834595,52.375955 4.835075,52.376205 4.835215,52.376277 4.83535,52.37629 4.835505))";4.8406425;52.36418;
5;17;"";"Oplossingenkaart nog niet beschikbaar.";"";"";"";"POLYGON((4.839957 52.384778,4.843916 52.384886,4.843846 52.384272,4.844292 52.382741,4.844306 52.381615,4.844226 52.380236,4.843927 52.379166,4.842608 52.375533,4.837035 52.376461,4.839263 52.381652,4.839946 52.383226,4.839957 52.384778))";"POLYGON((52.384778 4.839957,52.384886 4.843916,52.384272 4.843846,52.382741 4.844292,52.381615 4.844306,52.380236 4.844226,52.379166 4.843927,52.375533 4.842608,52.376461 4.837035,52.381652 4.839263,52.383226 4.839946,52.384778 4.839957))";4.8406755;52.3802025;
6;18;"";"Oplossingenkaart:";"";"IB20170095_18a_Bos en Lommer.pdf";"";"POLYGON((4.8449620 52.3847870,4.8451130 52.3828950,4.8452270 52.3818410,4.8451410 52.3805980,4.8448030 52.3789340,4.8435700 52.3756370,4.8449840 52.3753700,4.8471250 52.3756650,4.8550380 52.3768420,4.8586360 52.3643590,4.8591070 52.3639050,4.8670250 52.3725010,4.8645740 52.3747160,4.8603480 52.3850840,4.8449620 52.3847870))";"POLYGON((52.3847870 4.8449620,52.3828950 4.8451130,52.3818410 4.8452270,52.3805980 4.8451410,52.3789340 4.8448030,52.3756370 4.8435700,52.3753700 4.8449840,52.3756650 4.8471250,52.3768420 4.8550380,52.3643590 4.8586360,52.3639050 4.8591070,52.3725010 4.8670250,52.3747160 4.8645740,52.3850840 4.8603480,52.3847870 4.8449620))";4.8553025;52.3744875;
7;20;"";"Oplossingenkaart nog niet beschikbaar.";"";"";"";"POLYGON((4.860858 52.385211,4.880814 52.385583,4.873634 52.38149,4.873557 52.380062,4.867203 52.373186,4.864946 52.374832,4.860858 52.385211))";"POLYGON((52.385211 4.860858,52.385583 4.880814,52.38149 4.873634,52.380062 4.873557,52.373186 4.867203,52.374832 4.864946,52.385211 4.860858))";4.870841;52.3793775;
8;19;"";"Oplossingenkaart nog niet beschikbaar.";"";"";"";"POLYGON((4.8438680 52.3751360,4.8435280 52.3724530,4.8426360 52.3697680,4.8429460 52.3631290,4.8540720 52.3639400,4.8561180 52.3643480,4.8578453 52.3646225,4.8555230 52.3744080,4.8547394 52.3742306,4.8546424 52.3753633,4.8542020 52.3764960,4.8485270 52.3754430,4.8458270 52.3749740,4.8438680 52.3751360))";"POLYGON((52.3751360 4.8438680,52.3724530 4.8435280,52.3697680 4.8426360,52.3631290 4.8429460,52.3639400 4.8540720,52.3643480 4.8561180,52.3646225 4.8578453,52.3744080 4.8555230,52.3742306 4.8547394,52.3753633 4.8546424,52.3764960 4.8542020,52.3754430 4.8485270,52.3749740 4.8458270,52.3751360 4.8438680))";4.85024565;52.3698055;
9;23;"";"Oplossingenkaart nog niet beschikbaar.";"";"";"";"POLYGON((4.858779 52.363539,4.85865 52.363267,4.857387 52.361841,4.856996 52.360769,4.854315 52.357618,4.851016 52.347854,4.848196 52.34337,4.846731 52.342507,4.846137 52.340317,4.846436 52.338099,4.844806 52.338111,4.84409 52.338259,4.843341 52.338523,4.842872 52.338815,4.842575 52.339051,4.842431 52.339279,4.842487 52.340348,4.842469 52.341822,4.842277 52.34477,4.842414 52.345436,4.845697 52.345825,4.845602 52.352252,4.844981 52.352297,4.844865 52.355435,4.849137 52.355455,4.849081 52.360143,4.849777 52.360482,4.849628 52.363233,4.855758 52.363734,4.85651 52.363998,4.85687 52.364088,4.857974 52.364177,4.858261 52.363982,4.858693 52.363772,4.858779 52.363539))";"POLYGON((52.363539 4.858779,52.363267 4.85865,52.361841 4.857387,52.360769 4.856996,52.357618 4.854315,52.347854 4.851016,52.34337 4.848196,52.342507 4.846731,52.340317 4.846137,52.338099 4.846436,52.338111 4.844806,52.338259 4.84409,52.338523 4.843341,52.338815 4.842872,52.339051 4.842575,52.339279 4.842431,52.340348 4.842487,52.341822 4.842469,52.34477 4.842277,52.345436 4.842414,52.345825 4.845697,52.352252 4.845602,52.352297 4.844981,52.355435 4.844865,52.355455 4.849137,52.360143 4.849081,52.360482 4.849777,52.363233 4.849628,52.363734 4.855758,52.363998 4.85651,52.364088 4.85687,52.364177 4.857974,52.363982 4.858261,52.363772 4.858693,52.363539 4.858779))";4.850533;52.351131;
10;24;"";"Oplossingenkaart nog niet beschikbaar.";"";"";"";"POLYGON((4.842094 52.351562,4.842987 52.351488,4.84513 52.351537,4.845165 52.346115,4.84166 52.345642,4.840212 52.345652,4.840419 52.342892,4.840429 52.341209,4.840096 52.340478,4.839516 52.33993,4.838724 52.339557,4.837996 52.339343,4.836925 52.33968,4.83608 52.340519,4.835324 52.341476,4.835023 52.34314,4.834825 52.351529,4.842094 52.351562))";"POLYGON((52.351562 4.842094,52.351488 4.842987,52.351537 4.84513,52.346115 4.845165,52.345642 4.84166,52.345652 4.840212,52.342892 4.840419,52.341209 4.840429,52.340478 4.840096,52.33993 4.839516,52.339557 4.838724,52.339343 4.837996,52.33968 4.836925,52.340519 4.83608,52.341476 4.835324,52.34314 4.835023,52.351529 4.834825,52.351562 4.842094))";4.84;52.3454455;
11;38;"";"Oplossingenkaart:";"";"IB20170098_38_ Stadion- en Apollobuurt.pdf";"";"POLYGON((4.8535230 52.3466990,4.8529450 52.3465230,4.8524310 52.3462490,4.8520600 52.3459250,4.8517580 52.3455120,4.8516950 52.3451980,4.8521030 52.3441050,4.8521770 52.3441140,4.8529460 52.3419600,4.8531400 52.3418940,4.8595380 52.3427380,4.8625500 52.3427060,4.8669470 52.3440270,4.8716170 52.3446170,4.8784620 52.3448650,4.8857500 52.3484420,4.8835390 52.3503190,4.8734990 52.3519770,4.8716000 52.3520760,4.8701150 52.3517830,4.8612660 52.3494960,4.8589980 52.3475030,4.8535230 52.3466990))";"POLYGON((52.3466990 4.8535230,52.3465230 4.8529450,52.3462490 4.8524310,52.3459250 4.8520600,52.3455120 4.8517580,52.3451980 4.8516950,52.3441050 4.8521030,52.3441140 4.8521770,52.3419600 4.8529460,52.3418940 4.8531400,52.3427380 4.8595380,52.3427060 4.8625500,52.3440270 4.8669470,52.3446170 4.8716170,52.3448650 4.8784620,52.3484420 4.8857500,52.3503190 4.8835390,52.3519770 4.8734990,52.3520760 4.8716000,52.3517830 4.8701150,52.3494960 4.8612660,52.3475030 4.8589980,52.3466990 4.8535230))";4.8687275;52.346978;
12;37;"";"Oplossingenkaart nog niet beschikbaar.";"";"";"";"POLYGON((4.8872870 52.3600580,4.8877760 52.3597880,4.8889070 52.3587730,4.8898550 52.3583650,4.8908700 52.3581990,4.8947910 52.3579350,4.8977970 52.3578380,4.8991390 52.3579090,4.9040910 52.3589220,4.9052220 52.3561580,4.9068550 52.3541130,4.9084320 52.3525620,4.9099140 52.3499900,4.8961620 52.3480860,4.8867090 52.3486150,4.8870190 52.3598390,4.8872870 52.3600580))";"POLYGON((52.3600580 4.8872870,52.3597880 4.8877760,52.3587730 4.8889070,52.3583650 4.8898550,52.3581990 4.8908700,52.3579350 4.8947910,52.3578380 4.8977970,52.3579090 4.8991390,52.3589220 4.9040910,52.3561580 4.9052220,52.3541130 4.9068550,52.3525620 4.9084320,52.3499900 4.9099140,52.3480860 4.8961620,52.3486150 4.8867090,52.3598390 4.8870190,52.3600580 4.8872870))";4.8983165;52.354065;
13;40;"";"Oplossingenkaart:";"";"IB20170091_40_Rivierenbuurt.pdf";"";"POLYGON((4.9099990 52.3497370,4.8961910 52.3478520,4.8868190 52.3482920,4.8865590 52.3481830,4.8864120 52.3479250,4.8859150 52.3443300,4.8856180 52.3422240,4.8857620 52.3421410,4.8859070 52.3422230,4.8865270 52.3421730,4.8864060 52.3411600,4.8853900 52.3412270,4.8852340 52.3398130,4.8879890 52.3392020,4.8913050 52.3377890,4.8920820 52.3377320,4.8949980 52.3358120,4.8987620 52.3379870,4.8992660 52.3381320,4.9027510 52.3372430,4.9028580 52.3374200,4.9054860 52.3367180,4.9063550 52.3370780,4.9066380 52.3379120,4.9074050 52.3387470,4.9083710 52.3391080,4.9090490 52.3392890,4.9102090 52.3397690,4.9121180 52.3402460,4.9135590 52.3412370,4.9140450 52.3423370,4.9133620 52.3435620,4.9126440 52.3456010,4.9117760 52.3475630,4.9099990 52.3497370))";"POLYGON((52.3497370 4.9099990,52.3478520 4.8961910,52.3482920 4.8868190,52.3481830 4.8865590,52.3479250 4.8864120,52.3443300 4.8859150,52.3422240 4.8856180,52.3421410 4.8857620,52.3422230 4.8859070,52.3421730 4.8865270,52.3411600 4.8864060,52.3412270 4.8853900,52.3398130 4.8852340,52.3392020 4.8879890,52.3377890 4.8913050,52.3377320 4.8920820,52.3358120 4.8949980,52.3379870 4.8987620,52.3381320 4.8992660,52.3372430 4.9027510,52.3374200 4.9028580,52.3367180 4.9054860,52.3370780 4.9063550,52.3379120 4.9066380,52.3387470 4.9074050,52.3391080 4.9083710,52.3392890 4.9090490,52.3397690 4.9102090,52.3402460 4.9121180,52.3412370 4.9135590,52.3423370 4.9140450,52.3435620 4.9133620,52.3456010 4.9126440,52.3475630 4.9117760,52.3497370 4.9099990))";4.8996445;52.3427675;
14;39;"";"Oplossingenkaart nog niet beschikbaar.";"";"";"";"POLYGON((4.885606 52.344543,4.88547 52.344299,4.884902 52.339859,4.883365 52.339939,4.880511 52.339891,4.877366 52.339913,4.877473 52.340769,4.876309 52.340764,4.876262 52.33973,4.869452 52.339522,4.869259 52.339098,4.863725 52.339133,4.857908 52.338691,4.857419 52.340786,4.857202 52.340888,4.856937 52.338687,4.848304 52.338232,4.848592 52.33859,4.84907 52.339067,4.848763 52.340434,4.849461 52.340824,4.849263 52.34275,4.849799 52.343994,4.850016 52.34437,4.850117 52.34461,4.850269 52.344746,4.850767 52.344854,4.850958 52.344857,4.851101 52.344807,4.851177 52.344717,4.851351 52.343873,4.852059 52.342518,4.852376 52.341775,4.85284 52.341584,4.859517 52.342475,4.863444 52.342414,4.863453 52.342312,4.865226 52.342376,4.865218 52.343045,4.867072 52.343757,4.871492 52.344311,4.876498 52.34451,4.878652 52.344627,4.881401 52.345913,4.884846 52.347633,4.885927 52.347585,4.885963 52.347541,4.885606 52.344543))";"POLYGON((52.344543 4.885606,52.344299 4.88547,52.339859 4.884902,52.339939 4.883365,52.339891 4.880511,52.339913 4.877366,52.340769 4.877473,52.340764 4.876309,52.33973 4.876262,52.339522 4.869452,52.339098 4.869259,52.339133 4.863725,52.338691 4.857908,52.340786 4.857419,52.340888 4.857202,52.338687 4.856937,52.338232 4.848304,52.33859 4.848592,52.339067 4.84907,52.340434 4.848763,52.340824 4.849461,52.34275 4.849263,52.343994 4.849799,52.34437 4.850016,52.34461 4.850117,52.344746 4.850269,52.344854 4.850767,52.344857 4.850958,52.344807 4.851101,52.344717 4.851177,52.343873 4.851351,52.342518 4.852059,52.341775 4.852376,52.341584 4.85284,52.342475 4.859517,52.342414 4.863444,52.342312 4.863453,52.342376 4.865226,52.343045 4.865218,52.343757 4.867072,52.344311 4.871492,52.34451 4.876498,52.344627 4.878652,52.345913 4.881401,52.347633 4.884846,52.347585 4.885927,52.347541 4.885963,52.344543 4.885606))";4.8671385;52.3429255;
15;55;"";"Oplossingenkaart nog niet beschikbaar.";"";"";"";"POLYGON((4.941059 52.317112,4.942473 52.316374,4.955362 52.302659,4.944634 52.298994,4.943279 52.29881,4.941776 52.298834,4.940317 52.299274,4.936619 52.300509,4.933241 52.303766,4.929713 52.307319,4.929904 52.307588,4.92966 52.307824,4.929947 52.308093,4.92941 52.308567,4.930229 52.309045,4.930275 52.309313,4.934661 52.312006,4.936644 52.312578,4.935563 52.313881,4.938801 52.314994,4.938889 52.315856,4.938595 52.316301,4.939852 52.316692,4.941059 52.317112))";"POLYGON((52.317112 4.941059,52.316374 4.942473,52.302659 4.955362,52.298994 4.944634,52.29881 4.943279,52.298834 4.941776,52.299274 4.940317,52.300509 4.936619,52.303766 4.933241,52.307319 4.929713,52.307588 4.929904,52.307824 4.92966,52.308093 4.929947,52.308567 4.92941,52.309045 4.930229,52.309313 4.930275,52.312006 4.934661,52.312578 4.936644,52.313881 4.935563,52.314994 4.938801,52.315856 4.938889,52.316301 4.938595,52.316692 4.939852,52.317112 4.941059))";4.942391;52.307954;
16;54;"";"Oplossingenkaart nog niet beschikbaar.";"";"";"";"POLYGON((4.961363 52.288543,4.961343 52.288544,4.95454 52.287819,4.951685 52.288867,4.947107 52.294646,4.943561 52.298155,4.955608 52.302364,4.960802 52.296615,4.966042 52.291105,4.965511 52.290836,4.965807 52.290391,4.961313 52.288888,4.961363 52.288543))";"POLYGON((52.288543 4.961363,52.288544 4.961343,52.287819 4.95454,52.288867 4.951685,52.294646 4.947107,52.298155 4.943561,52.302364 4.955608,52.296615 4.960802,52.291105 4.966042,52.290836 4.965511,52.290391 4.965807,52.288888 4.961313,52.288543 4.961363))";4.9548065;52.2950845;
17;52;"";"Oplossingenkaart nog niet beschikbaar.";"";"";"";"POLYGON((4.983451 52.311913,4.987808 52.307321,4.987034 52.30714,4.986012 52.307404,4.985672 52.307611,4.983111 52.306591,4.981757 52.306171,4.984694 52.30309,4.985082 52.30315,4.985952 52.303302,4.986584 52.303185,4.987213 52.303336,4.987017 52.303662,4.986627 52.30381,4.986868 52.304048,4.987353 52.303901,4.98818 52.303696,4.989295 52.30364,4.989638 52.303314,4.990173 52.303227,4.991335 52.30329,4.992355 52.303175,4.99279 52.303147,4.996899 52.304706,4.998549 52.304533,4.99996 52.303914,5.000797 52.3024,5.000659 52.301656,5.000819 52.299874,5.000751 52.296604,4.995516 52.296497,4.978887 52.296412,4.978016 52.296289,4.977 52.296226,4.976031 52.296045,4.972255 52.295407,4.970948 52.295165,4.969255 52.294832,4.967077 52.294468,4.966399 52.294436,4.965428 52.294492,4.964748 52.294608,4.964019 52.294814,4.963387 52.295019,4.956429 52.302663,4.983451 52.311913))";"POLYGON((52.311913 4.983451,52.307321 4.987808,52.30714 4.987034,52.307404 4.986012,52.307611 4.985672,52.306591 4.983111,52.306171 4.981757,52.30309 4.984694,52.30315 4.985082,52.303302 4.985952,52.303185 4.986584,52.303336 4.987213,52.303662 4.987017,52.30381 4.986627,52.304048 4.986868,52.303901 4.987353,52.303696 4.98818,52.30364 4.989295,52.303314 4.989638,52.303227 4.990173,52.30329 4.991335,52.303175 4.992355,52.303147 4.99279,52.304706 4.996899,52.304533 4.998549,52.303914 4.99996,52.3024 5.000797,52.301656 5.000659,52.299874 5.000819,52.296604 5.000751,52.296497 4.995516,52.296412 4.978887,52.296289 4.978016,52.296226 4.977,52.296045 4.976031,52.295407 4.972255,52.295165 4.970948,52.294832 4.969255,52.294468 4.967077,52.294436 4.966399,52.294492 4.965428,52.294608 4.964748,52.294814 4.964019,52.295019 4.963387,52.302663 4.956429,52.311913 4.983451))";4.978629;52.3031675;
18;53;"";"Oplossingenkaart nog niet beschikbaar.";"";"";"";"POLYGON((4.963584 52.294664,4.965674 52.294225,4.966933 52.294289,4.968773 52.294563,4.970564 52.294896,4.973613 52.295501,4.975888 52.295807,4.978695 52.296262,4.981895 52.296273,5.000753 52.296425,5.001011 52.294702,4.999056 52.29098,4.997276 52.289369,4.995142 52.28951,4.99359 52.289476,4.99034 52.289762,4.983691 52.290572,4.983547 52.290453,4.982732 52.289558,4.975199 52.286411,4.972403 52.284737,4.963584 52.294664))";"POLYGON((52.294664 4.963584,52.294225 4.965674,52.294289 4.966933,52.294563 4.968773,52.294896 4.970564,52.295501 4.973613,52.295807 4.975888,52.296262 4.978695,52.296273 4.981895,52.296425 5.000753,52.294702 5.001011,52.29098 4.999056,52.289369 4.997276,52.28951 4.995142,52.289476 4.99359,52.289762 4.99034,52.290572 4.983691,52.290453 4.983547,52.289558 4.982732,52.286411 4.975199,52.284737 4.972403,52.294664 4.963584))";4.9823025;52.290574;
19;34;"";"Oplossingenkaart nog niet beschikbaar.";"";"";"";"POLYGON((4.973287 52.367661,4.973254 52.367657,4.972754 52.367532,4.972734 52.367531,4.972738 52.36754,4.971999 52.367934,4.971985 52.367961,4.969978 52.368185,4.969509 52.36854,4.969041 52.368681,4.961428 52.368511,4.958165 52.368524,4.958464 52.36976,4.957536 52.373253,4.956926 52.376057,4.95669 52.376293,4.956529 52.377077,4.956521 52.37791,4.956979 52.378625,4.958558 52.380105,4.961519 52.379355,4.96098 52.378758,4.964612 52.376869,4.963646 52.3762,4.962799 52.375388,4.962455 52.374864,4.962151 52.374268,4.962733 52.374223,4.962959 52.374937,4.963536 52.375652,4.965003 52.37668,4.973592 52.372169,4.974022 52.371908,4.977536 52.369946,4.979682 52.369122,4.978947 52.368716,4.978208 52.368689,4.977587 52.368711,4.973781 52.368555,4.973511 52.368459,4.973287 52.367661))";"POLYGON((52.367661 4.973287,52.367657 4.973254,52.367532 4.972754,52.367531 4.972734,52.36754 4.972738,52.367934 4.971999,52.367961 4.971985,52.368185 4.969978,52.36854 4.969509,52.368681 4.969041,52.368511 4.961428,52.368524 4.958165,52.36976 4.958464,52.373253 4.957536,52.376057 4.956926,52.376293 4.95669,52.377077 4.956529,52.37791 4.956521,52.378625 4.956979,52.380105 4.958558,52.379355 4.961519,52.378758 4.96098,52.376869 4.964612,52.3762 4.963646,52.375388 4.962799,52.374864 4.962455,52.374268 4.962151,52.374223 4.962733,52.374937 4.962959,52.375652 4.963536,52.37668 4.965003,52.372169 4.973592,52.371908 4.974022,52.369946 4.977536,52.369122 4.979682,52.368716 4.978947,52.368689 4.978208,52.368711 4.977587,52.368555 4.973781,52.368459 4.973511,52.367661 4.973287))";4.9681065;52.373811;
20;32;"";"Oplossingenkaart nog niet beschikbaar.";"";"";"";"POLYGON((4.917744 52.379674,4.922713 52.38024,4.937426 52.377752,4.93867 52.377709,4.940886 52.377623,4.948616 52.377818,4.948699 52.377272,4.948703 52.376915,4.948432 52.376723,4.947968 52.376532,4.947463 52.376506,4.938103 52.376209,4.938379 52.375711,4.937952 52.375733,4.937323 52.376326,4.93511 52.376222,4.935103 52.376864,4.920195 52.37947,4.917826 52.37927,4.917744 52.379674))";"POLYGON((52.379674 4.917744,52.38024 4.922713,52.377752 4.937426,52.377709 4.93867,52.377623 4.940886,52.377818 4.948616,52.377272 4.948699,52.376915 4.948703,52.376723 4.948432,52.376532 4.947968,52.376506 4.947463,52.376209 4.938103,52.375711 4.938379,52.375733 4.937952,52.376326 4.937323,52.376222 4.93511,52.376864 4.935103,52.37947 4.920195,52.37927 4.917826,52.379674 4.917744))";4.9332285;52.3779685;
21;31;"";"Oplossingenkaart nog niet beschikbaar.";"";"";"";"POLYGON((4.91247 52.378749,4.939756 52.374004,4.939948 52.374171,4.938421 52.37533,4.938849 52.375332,4.940064 52.374219,4.940377 52.374102,4.940573 52.373794,4.943251 52.374136,4.944527 52.374735,4.948992 52.37518,4.94919 52.374729,4.949426 52.374444,4.94955 52.373684,4.94928 52.373445,4.938996 52.372337,4.938966 52.371457,4.951618 52.372907,4.951855 52.372385,4.947237 52.371868,4.947356 52.37163,4.951508 52.37205,4.951628 52.371646,4.940142 52.370415,4.939753 52.37039,4.938744 52.370267,4.938707 52.370172,4.937969 52.370098,4.937889 52.370312,4.936725 52.370235,4.936147 52.369829,4.934825 52.3698,4.934478 52.369585,4.934171 52.369204,4.933982 52.36868,4.934073 52.367467,4.932636 52.367414,4.933592 52.368845,4.93366 52.369772,4.933572 52.370771,4.933329 52.371816,4.932541 52.372931,4.931325 52.373948,4.929998 52.374586,4.927816 52.375148,4.924704 52.375587,4.921551 52.376027,4.914041 52.377115,4.911244 52.377104,4.9112 52.377627,4.912244 52.378011,4.91247 52.378749))";"POLYGON((52.378749 4.91247,52.374004 4.939756,52.374171 4.939948,52.37533 4.938421,52.375332 4.938849,52.374219 4.940064,52.374102 4.940377,52.373794 4.940573,52.374136 4.943251,52.374735 4.944527,52.37518 4.948992,52.374729 4.94919,52.374444 4.949426,52.373684 4.94955,52.373445 4.94928,52.372337 4.938996,52.371457 4.938966,52.372907 4.951618,52.372385 4.951855,52.371868 4.947237,52.37163 4.947356,52.37205 4.951508,52.371646 4.951628,52.370415 4.940142,52.37039 4.939753,52.370267 4.938744,52.370172 4.938707,52.370098 4.937969,52.370312 4.937889,52.370235 4.936725,52.369829 4.936147,52.3698 4.934825,52.369585 4.934478,52.369204 4.934171,52.36868 4.933982,52.367467 4.934073,52.367414 4.932636,52.368845 4.933592,52.369772 4.93366,52.370771 4.933572,52.371816 4.933329,52.372931 4.932541,52.373948 4.931325,52.374586 4.929998,52.375148 4.927816,52.375587 4.924704,52.376027 4.921551,52.377115 4.914041,52.377104 4.911244,52.377627 4.9112,52.378011 4.912244,52.378749 4.91247))";4.9315325;52.3730745;
22;33;"";"Oplossingenkaart nog niet beschikbaar.";"";"";"";"POLYGON((4.95485 52.372133,4.955814 52.368737,4.955664 52.368261,4.95555 52.367927,4.955125 52.367712,4.954427 52.367638,4.953651 52.367563,4.953456 52.367539,4.946377 52.367398,4.946386 52.367236,4.950928 52.367268,4.951057 52.367174,4.950137 52.366935,4.932757 52.36676,4.932115 52.366756,4.932309 52.367087,4.939392 52.367164,4.939415 52.367393,4.934307 52.367397,4.934213 52.368918,4.934444 52.369205,4.935023 52.369397,4.938171 52.369456,4.938091 52.369694,4.93875 52.369672,4.938871 52.36934,4.952933 52.369463,4.953168 52.369203,4.953557 52.369157,4.953709 52.369538,4.953072 52.371033,4.954036 52.371869,4.95438 52.372465,4.95485 52.372133),(4.939652 52.367166,4.945944 52.367234,4.945943 52.367394,4.93965 52.367393,4.939652 52.367166))";"POLYGON((52.372133 4.95485,52.368737 4.955814,52.368261 4.955664,52.367927 4.95555,52.367712 4.955125,52.367638 4.954427,52.367563 4.953651,52.367539 4.953456,52.367398 4.946377,52.367236 4.946386,52.367268 4.950928,52.367174 4.951057,52.366935 4.950137,52.36676 4.932757,52.366756 4.932115,52.367087 4.932309,52.367164 4.939392,52.367393 4.939415,52.367397 4.934307,52.368918 4.934213,52.369205 4.934444,52.369397 4.935023,52.369456 4.938171,52.369694 4.938091,52.369672 4.93875,52.36934 4.938871,52.369463 4.952933,52.369203 4.953168,52.369157 4.953557,52.369538 4.953709,52.371033 4.953072,52.371869 4.954036,52.372465 4.95438,52.372133 4.95485),(52.367166 4.939652,52.367234 4.945944,52.367394 4.945943,52.367393 4.93965,52.367166 4.939652))";4.9439695;52.3696035;
23;57;"";"Oplossingenkaart nog niet beschikbaar.";"";"";"";"POLYGON((4.961424 52.382569,4.959437 52.38353,4.956364 52.384185,4.953793 52.384296,4.951918 52.38408,4.950241 52.384021,4.946608 52.384092,4.944199 52.3842,4.942814 52.383846,4.939012 52.383847,4.93751 52.383953,4.936619 52.38436,4.931692 52.383558,4.926708 52.382875,4.926439 52.382646,4.912518 52.380977,4.91247 52.381246,4.910962 52.381234,4.910878 52.381614,4.910392 52.381641,4.908684 52.381753,4.905748 52.38117,4.903861 52.381693,4.907614 52.383574,4.908016 52.38297,4.908255 52.382834,4.909418 52.383674,4.910257 52.383227,4.910602 52.384076,4.911465 52.383898,4.914661 52.385913,4.916511 52.38684,4.924718 52.390509,4.926606 52.390904,4.9285 52.391221,4.932066 52.391439,4.934156 52.39137,4.940352 52.39086,4.941373 52.390645,4.944352 52.388673,4.945964 52.387593,4.947415 52.386587,4.946599 52.385889,4.946816 52.38574,4.950817 52.385615,4.952078 52.385678,4.953576 52.386177,4.956155 52.386052,4.958343 52.385521,4.962798 52.383724,4.961424 52.382569))";"POLYGON((52.382569 4.961424,52.38353 4.959437,52.384185 4.956364,52.384296 4.953793,52.38408 4.951918,52.384021 4.950241,52.384092 4.946608,52.3842 4.944199,52.383846 4.942814,52.383847 4.939012,52.383953 4.93751,52.38436 4.936619,52.383558 4.931692,52.382875 4.926708,52.382646 4.926439,52.380977 4.912518,52.381246 4.91247,52.381234 4.910962,52.381614 4.910878,52.381641 4.910392,52.381753 4.908684,52.38117 4.905748,52.381693 4.903861,52.383574 4.907614,52.38297 4.908016,52.382834 4.908255,52.383674 4.909418,52.383227 4.910257,52.384076 4.910602,52.383898 4.911465,52.385913 4.914661,52.38684 4.916511,52.390509 4.924718,52.390904 4.926606,52.391221 4.9285,52.391439 4.932066,52.39137 4.934156,52.39086 4.940352,52.390645 4.941373,52.388673 4.944352,52.387593 4.945964,52.386587 4.947415,52.385889 4.946599,52.38574 4.946816,52.385615 4.950817,52.385678 4.952078,52.386177 4.953576,52.386052 4.956155,52.385521 4.958343,52.383724 4.962798,52.382569 4.961424))";4.9333345;52.386201;
24;58;"";"Oplossingenkaart:";"";"IB20190079_58b_Waterlandpleinbuurt.pdf";"";"POLYGON((4.9689360 52.3871260,4.9666340 52.3900340,4.9643780 52.3924040,4.9615760 52.3958120,4.9598590 52.3974410,4.9584380 52.3986250,4.9563840 52.3999540,4.9549670 52.4008110,4.9539540 52.4001240,4.9528750 52.4004940,4.9491570 52.3957400,4.9464430 52.3964510,4.9440940 52.3936370,4.9402070 52.3946890,4.9350900 52.3930210,4.9343940 52.3929730,4.9336170 52.3929700,4.9245990 52.3951650,4.9225500 52.3918610,4.9214470 52.3906080,4.9193260 52.3890540,4.9147840 52.3866890,4.9131530 52.3857990,4.9125850 52.3854550,4.9120810 52.3850730,4.9112630 52.3842080,4.9138370 52.3858490,4.9152690 52.3866910,4.9165250 52.3872900,4.9172040 52.3874710,4.9191860 52.3884000,4.9241670 52.3906490,4.9241640 52.3909460,4.9245500 52.3911260,4.9248420 52.3910970,4.9251820 52.3910690,4.9263470 52.3912230,4.9274140 52.3914050,4.9292090 52.3915900,4.9308120 52.3916860,4.9328040 52.3917530,4.9342130 52.3916990,4.9403880 52.3911860,4.9409730 52.3910700,4.9416050 52.3909540,4.9454180 52.3885010,4.9473260 52.3871990,4.9481570 52.3866380,4.9474350 52.3860110,4.9506430 52.3859040,4.9518570 52.3859680,4.9534540 52.3865090,4.9553010 52.3864260,4.9563710 52.3863710,4.9584640 52.3858730,4.9597810 52.3854030,4.9598290 52.3853780,4.9610890 52.3854930,4.9625850 52.3856810,4.9643300 52.3861100,4.9660960 52.3865310,4.9677430 52.3869350,4.9681310 52.3869760,4.9689360 52.3871260))";"POLYGON((52.3871260 4.9689360,52.3900340 4.9666340,52.3924040 4.9643780,52.3958120 4.9615760,52.3974410 4.9598590,52.3986250 4.9584380,52.3999540 4.9563840,52.4008110 4.9549670,52.4001240 4.9539540,52.4004940 4.9528750,52.3957400 4.9491570,52.3964510 4.9464430,52.3936370 4.9440940,52.3946890 4.9402070,52.3930210 4.9350900,52.3929730 4.9343940,52.3929700 4.9336170,52.3951650 4.9245990,52.3918610 4.9225500,52.3906080 4.9214470,52.3890540 4.9193260,52.3866890 4.9147840,52.3857990 4.9131530,52.3854550 4.9125850,52.3850730 4.9120810,52.3842080 4.9112630,52.3858490 4.9138370,52.3866910 4.9152690,52.3872900 4.9165250,52.3874710 4.9172040,52.3884000 4.9191860,52.3906490 4.9241670,52.3909460 4.9241640,52.3911260 4.9245500,52.3910970 4.9248420,52.3910690 4.9251820,52.3912230 4.9263470,52.3914050 4.9274140,52.3915900 4.9292090,52.3916860 4.9308120,52.3917530 4.9328040,52.3916990 4.9342130,52.3911860 4.9403880,52.3910700 4.9409730,52.3909540 4.9416050,52.3885010 4.9454180,52.3871990 4.9473260,52.3866380 4.9481570,52.3860110 4.9474350,52.3859040 4.9506430,52.3859680 4.9518570,52.3865090 4.9534540,52.3864260 4.9553010,52.3863710 4.9563710,52.3858730 4.9584640,52.3854030 4.9597810,52.3853780 4.9598290,52.3854930 4.9610890,52.3856810 4.9625850,52.3861100 4.9643300,52.3865310 4.9660960,52.3869350 4.9677430,52.3869760 4.9681310,52.3871260 4.9689360))";4.9401045;52.3925025;
25;59;"";"Oplossingenkaart nog niet beschikbaar.";"";"";"";"POLYGON((4.924823 52.395389,4.926842 52.397418,4.932966 52.402048,4.936247 52.40432,4.939475 52.407127,4.94357 52.405923,4.947863 52.404364,4.951231 52.40286,4.954748 52.40097,4.953878 52.400373,4.95305 52.400668,4.952806 52.400726,4.952563 52.400636,4.95242 52.400427,4.949014 52.395986,4.946237 52.396719,4.943932 52.393945,4.940278 52.394943,4.935144 52.393288,4.933736 52.393224,4.924823 52.395389))";"POLYGON((52.395389 4.924823,52.397418 4.926842,52.402048 4.932966,52.40432 4.936247,52.407127 4.939475,52.405923 4.94357,52.404364 4.947863,52.40286 4.951231,52.40097 4.954748,52.400373 4.953878,52.400668 4.95305,52.400726 4.952806,52.400636 4.952563,52.400427 4.95242,52.395986 4.949014,52.396719 4.946237,52.393945 4.943932,52.394943 4.940278,52.393288 4.935144,52.393224 4.933736,52.395389 4.924823))";4.9397905;52.4001685;
26;60;"";"Oplossingenkaart nog niet beschikbaar.";"";"";"";"POLYGON((4.9323700 52.4025560,4.9264720 52.3977060,4.9264530 52.3977120,4.9262400 52.3975290,4.9250920 52.3963510,4.9245140 52.3958140,4.9231920 52.3939540,4.9222160 52.3924880,4.9217590 52.3916660,4.9211240 52.3909860,4.9195630 52.3897670,4.9186880 52.3897990,4.9198420 52.3909450,4.9203560 52.3919100,4.9212710 52.3935900,4.9222430 52.3955200,4.9229290 52.3967350,4.9224580 52.3972690,4.9212190 52.3986190,4.9215650 52.3990480,4.9225560 52.3990520,4.9227900 52.3989820,4.9230000 52.3990070,4.9234470 52.4007380,4.9238680 52.4014290,4.9249390 52.4031220,4.9257050 52.4041940,4.9257740 52.4050510,4.9256830 52.4062870,4.9256430 52.4063830,4.9260230 52.4072640,4.9269490 52.4079800,4.9278360 52.4086740,4.9289160 52.4094150,4.9294540 52.4101540,4.9299550 52.4106310,4.9340950 52.4086970,4.9387760 52.4072890,4.9323700 52.4025560))";"POLYGON((52.4025560 4.9323700,52.3977060 4.9264720,52.3977120 4.9264530,52.3975290 4.9262400,52.3963510 4.9250920,52.3958140 4.9245140,52.3939540 4.9231920,52.3924880 4.9222160,52.3916660 4.9217590,52.3909860 4.9211240,52.3897670 4.9195630,52.3897990 4.9186880,52.3909450 4.9198420,52.3919100 4.9203560,52.3935900 4.9212710,52.3955200 4.9222430,52.3967350 4.9229290,52.3972690 4.9224580,52.3986190 4.9212190,52.3990480 4.9215650,52.3990520 4.9225560,52.3989820 4.9227900,52.3990070 4.9230000,52.4007380 4.9234470,52.4014290 4.9238680,52.4031220 4.9249390,52.4041940 4.9257050,52.4050510 4.9257740,52.4062870 4.9256830,52.4063830 4.9256430,52.4072640 4.9260230,52.4079800 4.9269490,52.4086740 4.9278360,52.4094150 4.9289160,52.4101540 4.9294540,52.4106310 4.9299550,52.4086970 4.9340950,52.4072890 4.9387760,52.4025560 4.9323700))";4.928737;52.400192;
27;61;"";"Oplossingenkaart nog niet beschikbaar.";"";"";"";"POLYGON((4.927233 52.409165,4.926596 52.408699,4.925845 52.407982,4.925265 52.407623,4.924981 52.407015,4.924813 52.406373,4.924765 52.405267,4.924594 52.40491,4.9246 52.404303,4.924316 52.403661,4.923855 52.403052,4.923511 52.402516,4.922993 52.401871,4.922533 52.401228,4.922422 52.400728,4.922427 52.400229,4.922201 52.39955,4.921155 52.399225,4.920095 52.400077,4.919335 52.400324,4.918049 52.400604,4.916881 52.400885,4.915652 52.401165,4.914081 52.40091,4.913442 52.400842,4.913206 52.400906,4.911399 52.400827,4.911291 52.400149,4.910416 52.400038,4.910003 52.400572,4.909185 52.400676,4.909005 52.401174,4.90438 52.402867,4.903673 52.403471,4.903668 52.403935,4.904305 52.404329,4.905522 52.404977,4.907146 52.405946,4.908697 52.408057,4.910551 52.409206,4.91143 52.40896,4.91183 52.409603,4.911069 52.40985,4.911584 52.410922,4.911697 52.411208,4.911927 52.411494,4.912213 52.411994,4.912264 52.412708,4.912432 52.413387,4.912487 52.413744,4.912655 52.414315,4.912882 52.414993,4.913107 52.415636,4.913571 52.415995,4.913913 52.416674,4.91391 52.41696,4.914256 52.417353,4.914312 52.417603,4.91636 52.416969,4.918763 52.415944,4.922338 52.414389,4.925738 52.412761,4.929255 52.411063,4.928678 52.410454,4.928161 52.409738,4.927872 52.409381,4.927233 52.409165))";"POLYGON((52.409165 4.927233,52.408699 4.926596,52.407982 4.925845,52.407623 4.925265,52.407015 4.924981,52.406373 4.924813,52.405267 4.924765,52.40491 4.924594,52.404303 4.9246,52.403661 4.924316,52.403052 4.923855,52.402516 4.923511,52.401871 4.922993,52.401228 4.922533,52.400728 4.922422,52.400229 4.922427,52.39955 4.922201,52.399225 4.921155,52.400077 4.920095,52.400324 4.919335,52.400604 4.918049,52.400885 4.916881,52.401165 4.915652,52.40091 4.914081,52.400842 4.913442,52.400906 4.913206,52.400827 4.911399,52.400149 4.911291,52.400038 4.910416,52.400572 4.910003,52.400676 4.909185,52.401174 4.909005,52.402867 4.90438,52.403471 4.903673,52.403935 4.903668,52.404329 4.904305,52.404977 4.905522,52.405946 4.907146,52.408057 4.908697,52.409206 4.910551,52.40896 4.91143,52.409603 4.91183,52.40985 4.911069,52.410922 4.911584,52.411208 4.911697,52.411494 4.911927,52.411994 4.912213,52.412708 4.912264,52.413387 4.912432,52.413744 4.912487,52.414315 4.912655,52.414993 4.912882,52.415636 4.913107,52.415995 4.913571,52.416674 4.913913,52.41696 4.91391,52.417353 4.914256,52.417603 4.914312,52.416969 4.91636,52.415944 4.918763,52.414389 4.922338,52.412761 4.925738,52.411063 4.929255,52.410454 4.928678,52.409738 4.928161,52.409381 4.927872,52.409165 4.927233))";4.9164665;52.408407;
28;65;"";"Oplossingenkaart nog niet beschikbaar.";"";"";"";"POLYGON((4.877613 52.423087,4.878719 52.423413,4.880293 52.423455,4.882502 52.424178,4.883781 52.424576,4.885939 52.424692,4.889498 52.424743,4.892765 52.424684,4.895394 52.42441,4.898375 52.423923,4.9013 52.423114,4.902882 52.422586,4.905227 52.42149,4.907396 52.420571,4.909742 52.419404,4.913492 52.417885,4.912634 52.416348,4.912289 52.415848,4.911947 52.415133,4.911601 52.414632,4.911205 52.413631,4.910805 52.412809,4.91046 52.412344,4.910524 52.411774,4.910938 52.411241,4.910769 52.410669,4.910602 52.409955,4.909614 52.409523,4.908859 52.40927,4.909547 52.408861,4.908459 52.408196,4.907569 52.409872,4.906632 52.41026,4.90511 52.410789,4.903288 52.412065,4.902287 52.412882,4.901054 52.413697,4.900228 52.414443,4.899816 52.414905,4.899165 52.415687,4.897874 52.416395,4.896476 52.416318,4.895943 52.416283,4.894911 52.416031,4.892572 52.415893,4.890189 52.415531,4.889598 52.415521,4.886748 52.415065,4.886223 52.415063,4.885989 52.415097,4.883868 52.416802,4.877268 52.422694,4.877613 52.423087))";"POLYGON((52.423087 4.877613,52.423413 4.878719,52.423455 4.880293,52.424178 4.882502,52.424576 4.883781,52.424692 4.885939,52.424743 4.889498,52.424684 4.892765,52.42441 4.895394,52.423923 4.898375,52.423114 4.9013,52.422586 4.902882,52.42149 4.905227,52.420571 4.907396,52.419404 4.909742,52.417885 4.913492,52.416348 4.912634,52.415848 4.912289,52.415133 4.911947,52.414632 4.911601,52.413631 4.911205,52.412809 4.910805,52.412344 4.91046,52.411774 4.910524,52.411241 4.910938,52.410669 4.910769,52.409955 4.910602,52.409523 4.909614,52.40927 4.908859,52.408861 4.909547,52.408196 4.908459,52.409872 4.907569,52.41026 4.906632,52.410789 4.90511,52.412065 4.903288,52.412882 4.902287,52.413697 4.901054,52.414443 4.900228,52.414905 4.899816,52.415687 4.899165,52.416395 4.897874,52.416318 4.896476,52.416283 4.895943,52.416031 4.894911,52.415893 4.892572,52.415531 4.890189,52.415521 4.889598,52.415065 4.886748,52.415063 4.886223,52.415097 4.885989,52.416802 4.883868,52.422694 4.877268,52.423087 4.877613))";4.895385;52.4164625;
29;64;"";"Oplossingenkaart nog niet beschikbaar.";"";"";"";"POLYGON((4.886791 52.414907,4.889649 52.415343,4.890194 52.415347,4.892623 52.415707,4.89497 52.415858,4.896374 52.415562,4.897787 52.415097,4.898922 52.414272,4.899841 52.413578,4.904945 52.409861,4.906385 52.408652,4.906843 52.407874,4.906092 52.406228,4.901857 52.404177,4.900591 52.40271,4.899555 52.401528,4.898957 52.400908,4.897958 52.4,4.897032 52.399378,4.896333 52.399185,4.896103 52.398993,4.895639 52.398706,4.894161 52.398795,4.893074 52.398648,4.891985 52.398739,4.891678 52.398262,4.891212 52.398308,4.887928 52.399863,4.889848 52.402011,4.886022 52.403469,4.881795 52.405972,4.876633 52.408661,4.871228 52.412014,4.865831 52.414559,4.866748 52.415942,4.866046 52.416129,4.867516 52.416897,4.866947 52.417263,4.86758 52.418014,4.868156 52.418552,4.869139 52.419376,4.870065 52.419951,4.871051 52.420491,4.873202 52.421142,4.874948 52.421577,4.876918 52.422656,4.883525 52.416785,4.885804 52.414962,4.886187 52.414901,4.886791 52.414907))";"POLYGON((52.414907 4.886791,52.415343 4.889649,52.415347 4.890194,52.415707 4.892623,52.415858 4.89497,52.415562 4.896374,52.415097 4.897787,52.414272 4.898922,52.413578 4.899841,52.409861 4.904945,52.408652 4.906385,52.407874 4.906843,52.406228 4.906092,52.404177 4.901857,52.40271 4.900591,52.401528 4.899555,52.400908 4.898957,52.4 4.897958,52.399378 4.897032,52.399185 4.896333,52.398993 4.896103,52.398706 4.895639,52.398795 4.894161,52.398648 4.893074,52.398739 4.891985,52.398262 4.891678,52.398308 4.891212,52.399863 4.887928,52.402011 4.889848,52.403469 4.886022,52.405972 4.881795,52.408661 4.876633,52.412014 4.871228,52.414559 4.865831,52.415942 4.866748,52.416129 4.866046,52.416897 4.867516,52.417263 4.866947,52.418014 4.86758,52.418552 4.868156,52.419376 4.869139,52.419951 4.870065,52.420491 4.871051,52.421142 4.873202,52.421577 4.874948,52.422656 4.876918,52.416785 4.883525,52.414962 4.885804,52.414901 4.886187,52.414907 4.886791))";4.886342;52.410452;
30;25;"";"Oplossingenkaart nog niet beschikbaar.";"";"";"";"POLYGON((4.8773130 52.3666660,4.8746596 52.3658010,4.8717488 52.3649884,4.8676012 52.3639396,4.8576330 52.3614220,4.8573790 52.3606810,4.8553890 52.3581980,4.8544740 52.3567200,4.8519040 52.3488950,4.8502840 52.3450850,4.8511960 52.3450530,4.8512370 52.3452270,4.8514080 52.3456100,4.8517080 52.3460400,4.8521640 52.3464210,4.8529230 52.3469260,4.8532450 52.3469680,4.8587140 52.3477460,4.8609530 52.3497060,4.8706040 52.3522260,4.8715260 52.3524420,4.8735370 52.3523140,4.8838610 52.3505250,4.8854110 52.3493240,4.8862470 52.3493050,4.8862930 52.3499170,4.8863320 52.3556210,4.8865830 52.3598730,4.8870040 52.3602120,4.8844980 52.3615220,4.8839130 52.3617140,4.8823710 52.3618170,4.8815980 52.3621650,4.8813160 52.3630790,4.8809510 52.3633970,4.8800280 52.3636320,4.8795100 52.3638290,4.8791260 52.3642470,4.8790130 52.3645430,4.8788960 52.3652740,4.8785270 52.3658140,4.8781230 52.3661410,4.8774417 52.3665743))";"POLYGON((52.3666660 4.8773130,52.3658010 4.8746596,52.3649884 4.8717488,52.3639396 4.8676012,52.3614220 4.8576330,52.3606810 4.8573790,52.3581980 4.8553890,52.3567200 4.8544740,52.3488950 4.8519040,52.3450850 4.8502840,52.3450530 4.8511960,52.3452270 4.8512370,52.3456100 4.8514080,52.3460400 4.8517080,52.3464210 4.8521640,52.3469260 4.8529230,52.3469680 4.8532450,52.3477460 4.8587140,52.3497060 4.8609530,52.3522260 4.8706040,52.3524420 4.8715260,52.3523140 4.8735370,52.3505250 4.8838610,52.3493240 4.8854110,52.3493050 4.8862470,52.3499170 4.8862930,52.3556210 4.8863320,52.3598730 4.8865830,52.3602120 4.8870040,52.3615220 4.8844980,52.3617140 4.8839130,52.3618170 4.8823710,52.3621650 4.8815980,52.3630790 4.8813160,52.3633970 4.8809510,52.3636320 4.8800280,52.3638290 4.8795100,52.3642470 4.8791260,52.3645430 4.8790130,52.3652740 4.8788960,52.3658140 4.8785270,52.3661410 4.8781230,52.3665743 4.8774417))";4.868649;52.3558525;
31;41;"";"Oplossingenkaart:";"";"IB20180002_41A_Kenniskwartier Zuidas.pdf";"";"POLYGON((4.8901930 52.3368050,4.8855940 52.3384500,4.8823270 52.3389590,4.8769700 52.3388890,4.8688260 52.3381870,4.8582680 52.3380460,4.8571750 52.3375370,4.8479630 52.3370870,4.8479510 52.3363610,4.8470090 52.3354470,4.8479620 52.3345090,4.8486180 52.3337870,4.8450030 52.3318220,4.8448900 52.3311060,4.8449490 52.3297600,4.8471910 52.3301060,4.8476540 52.3305880,4.8482810 52.3305910,4.8519880 52.3304800,4.8524660 52.3304110,4.8563780 52.3305180,4.8561790 52.3292860,4.8563310 52.3219560,4.8952410 52.3225580,4.8946910 52.3232210,4.8946080 52.3237450,4.8945990 52.3245270,4.8937330 52.3240390,4.8919630 52.3240550,4.8911410 52.3246100,4.8908510 52.3334720,4.8929600 52.3335520,4.8942320 52.3322190,4.8963640 52.3322390,4.8974490 52.3330600,4.8901930 52.3368050))";"POLYGON((52.3368050 4.8901930,52.3384500 4.8855940,52.3389590 4.8823270,52.3388890 4.8769700,52.3381870 4.8688260,52.3380460 4.8582680,52.3375370 4.8571750,52.3370870 4.8479630,52.3363610 4.8479510,52.3354470 4.8470090,52.3345090 4.8479620,52.3337870 4.8486180,52.3318220 4.8450030,52.3311060 4.8448900,52.3297600 4.8449490,52.3301060 4.8471910,52.3305880 4.8476540,52.3305910 4.8482810,52.3304800 4.8519880,52.3304110 4.8524660,52.3305180 4.8563780,52.3292860 4.8561790,52.3219560 4.8563310,52.3225580 4.8952410,52.3232210 4.8946910,52.3237450 4.8946080,52.3245270 4.8945990,52.3240390 4.8937330,52.3240550 4.8919630,52.3246100 4.8911410,52.3334720 4.8908510,52.3335520 4.8929600,52.3322190 4.8942320,52.3322390 4.8963640,52.3330600 4.8974490,52.3368050 4.8901930))";4.8711745;52.3304505;
32;28;"";"Oplossingenkaart nog niet beschikbaar.";"";"";"";"POLYGON((4.896368 52.379152,4.897353 52.378633,4.897415 52.378672,4.897728 52.378502,4.897665 52.378435,4.898592 52.377669,4.898684 52.377659,4.899059 52.377499,4.898846 52.377137,4.898792 52.377118,4.899309 52.376828,4.899408 52.376854,4.899843 52.376865,4.90065 52.377049,4.901023 52.377108,4.90124 52.37708,4.901753 52.377082,4.901907 52.377187,4.902343 52.377104,4.902313 52.377027,4.902549 52.376781,4.902895 52.37645,4.902973 52.376402,4.903491 52.375929,4.903568 52.375948,4.903741 52.37574,4.903744 52.375445,4.903916 52.375417,4.904103 52.375446,4.904564 52.375857,4.904485 52.375895,4.904656 52.376038,4.905139 52.37585,4.904708 52.37542,4.904802 52.375393,4.90491 52.375431,4.905208 52.375251,4.905161 52.375185,4.905662 52.374911,4.905772 52.374778,4.905418 52.374548,4.905589 52.374444,4.905944 52.374684,4.906147 52.374579,4.905716 52.374311,4.905731 52.374255,4.90617 52.373961,4.906248 52.373971,4.906663 52.374278,4.906805 52.374183,4.906387 52.373962,4.906389 52.373858,4.906904 52.373594,4.907382 52.37389,4.90757 52.373777,4.907138 52.373537,4.907108 52.373461,4.907623 52.373197,4.908102 52.373503,4.908258 52.373409,4.90781 52.37315,4.907704 52.372921,4.907938 52.372846,4.907613 52.372645,4.907425 52.372797,4.90628 52.372336,4.905755 52.372039,4.901424 52.370242,4.901596 52.370024,4.901073 52.369679,4.900915 52.369869,4.900862 52.369795,4.898246 52.367454,4.89568 52.367539,4.89375 52.367364,4.893629 52.367303,4.8932 52.367012,4.892733 52.367036,4.891739 52.367049,4.890008 52.367287,4.888149 52.368654,4.888696 52.372181,4.889474 52.3745,4.894536 52.378926,4.895167 52.379519,4.895306 52.379614,4.895525 52.379597,4.896368 52.379152))";"POLYGON((52.379152 4.896368,52.378633 4.897353,52.378672 4.897415,52.378502 4.897728,52.378435 4.897665,52.377669 4.898592,52.377659 4.898684,52.377499 4.899059,52.377137 4.898846,52.377118 4.898792,52.376828 4.899309,52.376854 4.899408,52.376865 4.899843,52.377049 4.90065,52.377108 4.901023,52.37708 4.90124,52.377082 4.901753,52.377187 4.901907,52.377104 4.902343,52.377027 4.902313,52.376781 4.902549,52.37645 4.902895,52.376402 4.902973,52.375929 4.903491,52.375948 4.903568,52.37574 4.903741,52.375445 4.903744,52.375417 4.903916,52.375446 4.904103,52.375857 4.904564,52.375895 4.904485,52.376038 4.904656,52.37585 4.905139,52.37542 4.904708,52.375393 4.904802,52.375431 4.90491,52.375251 4.905208,52.375185 4.905161,52.374911 4.905662,52.374778 4.905772,52.374548 4.905418,52.374444 4.905589,52.374684 4.905944,52.374579 4.906147,52.374311 4.905716,52.374255 4.905731,52.373961 4.90617,52.373971 4.906248,52.374278 4.906663,52.374183 4.906805,52.373962 4.906387,52.373858 4.906389,52.373594 4.906904,52.37389 4.907382,52.373777 4.90757,52.373537 4.907138,52.373461 4.907108,52.373197 4.907623,52.373503 4.908102,52.373409 4.908258,52.37315 4.90781,52.372921 4.907704,52.372846 4.907938,52.372645 4.907613,52.372797 4.907425,52.372336 4.90628,52.372039 4.905755,52.370242 4.901424,52.370024 4.901596,52.369679 4.901073,52.369869 4.900915,52.369795 4.900862,52.367454 4.898246,52.367539 4.89568,52.367364 4.89375,52.367303 4.893629,52.367012 4.8932,52.367036 4.892733,52.367049 4.891739,52.367287 4.890008,52.368654 4.888149,52.372181 4.888696,52.3745 4.889474,52.378926 4.894536,52.379519 4.895167,52.379614 4.895306,52.379597 4.895525,52.379152 4.896368))";4.8982085;52.373306;
33;21;"";"Oplossingenkaart nog niet beschikbaar.";"";"";"";"POLYGON((4.872228 52.365597,4.867299 52.372272,4.874326 52.380395,4.874045 52.381183,4.880581 52.385239,4.880863 52.38537,4.881139 52.385627,4.881934 52.385502,4.882147 52.385274,4.882079 52.384913,4.880342 52.382373,4.879261 52.382035,4.879609 52.381289,4.875207 52.374543,4.875219 52.373505,4.875021 52.373048,4.87428 52.372504,4.874083 52.372006,4.875472 52.36927,4.876566 52.368445,4.876902 52.367966,4.876982 52.367616,4.877 52.367378,4.877154 52.366882,4.872228 52.365597))";"POLYGON((52.365597 4.872228,52.372272 4.867299,52.380395 4.874326,52.381183 4.874045,52.385239 4.880581,52.38537 4.880863,52.385627 4.881139,52.385502 4.881934,52.385274 4.882147,52.384913 4.882079,52.382373 4.880342,52.382035 4.879261,52.381289 4.879609,52.374543 4.875207,52.373505 4.875219,52.373048 4.875021,52.372504 4.87428,52.372006 4.874083,52.36927 4.875472,52.368445 4.876566,52.367966 4.876902,52.367616 4.876982,52.367378 4.877,52.366882 4.877154,52.365597 4.872228))";4.874728;52.375605;
34;27;"";"Oplossingenkaart nog niet beschikbaar.";"";"";"";"POLYGON((4.893506 52.383069,4.893536 52.383038,4.8938 52.383039,4.894685 52.38285,4.895246 52.382592,4.895992 52.382098,4.896431 52.381802,4.896646 52.381684,4.896676 52.381685,4.896779 52.38161,4.896728 52.38153,4.896871 52.381487,4.897265 52.381311,4.904629 52.378632,4.905104 52.378448,4.906053 52.378266,4.906323 52.378287,4.906422 52.378494,4.91018 52.377951,4.910742 52.375967,4.910611 52.375595,4.910209 52.375304,4.909567 52.375157,4.908756 52.375215,4.905534 52.376174,4.905131 52.375924,4.904758 52.376109,4.904958 52.376358,4.903839 52.376705,4.903939 52.37683,4.9036 52.376973,4.903291 52.377302,4.90248 52.37732,4.902278 52.377257,4.901092 52.37748,4.900754 52.377458,4.899807 52.37762,4.89906 52.377865,4.899158 52.378237,4.898883 52.378567,4.898407 52.378814,4.89807 52.378792,4.897935 52.378729,4.897698 52.37879,4.897798 52.378935,4.896336 52.379674,4.896098 52.379797,4.896061 52.380066,4.896633 52.380657,4.896208 52.380839,4.893368 52.38179,4.892782 52.382383,4.89268 52.382481,4.892587 52.382643,4.8935 52.382727,4.893404 52.383056,4.893506 52.383069))";"POLYGON((52.383069 4.893506,52.383038 4.893536,52.383039 4.8938,52.38285 4.894685,52.382592 4.895246,52.382098 4.895992,52.381802 4.896431,52.381684 4.896646,52.381685 4.896676,52.38161 4.896779,52.38153 4.896728,52.381487 4.896871,52.381311 4.897265,52.378632 4.904629,52.378448 4.905104,52.378266 4.906053,52.378287 4.906323,52.378494 4.906422,52.377951 4.91018,52.375967 4.910742,52.375595 4.910611,52.375304 4.910209,52.375157 4.909567,52.375215 4.908756,52.376174 4.905534,52.375924 4.905131,52.376109 4.904758,52.376358 4.904958,52.376705 4.903839,52.37683 4.903939,52.376973 4.9036,52.377302 4.903291,52.37732 4.90248,52.377257 4.902278,52.37748 4.901092,52.377458 4.900754,52.37762 4.899807,52.377865 4.89906,52.378237 4.899158,52.378567 4.898883,52.378814 4.898407,52.378792 4.89807,52.378729 4.897935,52.37879 4.897698,52.378935 4.897798,52.379674 4.896336,52.379797 4.896098,52.380066 4.896061,52.380657 4.896633,52.380839 4.896208,52.38179 4.893368,52.382383 4.892782,52.382481 4.89268,52.382643 4.892587,52.382727 4.8935,52.383056 4.893404,52.383069 4.893506))";4.9016695;52.379106;
35;29;"";"Oplossingenkaart nog niet beschikbaar.";"";"";"";"POLYGON((4.909014 52.37277,4.910516 52.372276,4.910806 52.372313,4.912096 52.371735,4.912855 52.371489,4.91274 52.371346,4.912935 52.371276,4.913226 52.371179,4.914176 52.370789,4.915096 52.370152,4.919506 52.368618,4.920082 52.368413,4.923269 52.36735,4.92371 52.367248,4.924453 52.367293,4.924961 52.36717,4.925147 52.366908,4.926215 52.366288,4.921996 52.363724,4.919918 52.363483,4.91937 52.363142,4.918782 52.362595,4.918063 52.362332,4.915984 52.362167,4.913444 52.361507,4.912383 52.361478,4.911536 52.361344,4.910986 52.361108,4.910609 52.360743,4.909675 52.360739,4.908868 52.360814,4.90802 52.360706,4.907598 52.360497,4.907092 52.360131,4.906333 52.359712,4.905104 52.359499,4.901719 52.366294,4.900993 52.366681,4.898818 52.367633,4.900584 52.369122,4.901132 52.36954,4.901279 52.369612,4.901781 52.369946,4.902322 52.370139,4.906383 52.371796,4.906926 52.372,4.907872 52.372468,4.9082 52.372707,4.909014 52.37277))";"POLYGON((52.37277 4.909014,52.372276 4.910516,52.372313 4.910806,52.371735 4.912096,52.371489 4.912855,52.371346 4.91274,52.371276 4.912935,52.371179 4.913226,52.370789 4.914176,52.370152 4.915096,52.368618 4.919506,52.368413 4.920082,52.36735 4.923269,52.367248 4.92371,52.367293 4.924453,52.36717 4.924961,52.366908 4.925147,52.366288 4.926215,52.363724 4.921996,52.363483 4.919918,52.363142 4.91937,52.362595 4.918782,52.362332 4.918063,52.362167 4.915984,52.361507 4.913444,52.361478 4.912383,52.361344 4.911536,52.361108 4.910986,52.360743 4.910609,52.360739 4.909675,52.360814 4.908868,52.360706 4.90802,52.360497 4.907598,52.360131 4.907092,52.359712 4.906333,52.359499 4.905104,52.366294 4.901719,52.366681 4.900993,52.367633 4.898818,52.369122 4.900584,52.36954 4.901132,52.369612 4.901279,52.369946 4.901781,52.370139 4.902322,52.371796 4.906383,52.372 4.906926,52.372468 4.907872,52.372707 4.9082,52.37277 4.909014))";4.9125215;52.3661275;
36;30;"";"";"";"";"";"POLYGON((4.928307 52.373678,4.929458 52.373414,4.930952 52.372841,4.932212 52.371894,4.932593 52.370965,4.93287 52.370387,4.932847 52.369332,4.932483 52.368544,4.931987 52.367383,4.925567 52.367297,4.925263 52.367317,4.924856 52.367493,4.920646 52.368989,4.91496 52.370936,4.914654 52.371335,4.914158 52.371789,4.915019 52.372063,4.914991 52.372463,4.915385 52.37265,4.915596 52.372565,4.916615 52.373168,4.915912 52.373565,4.9144 52.373188,4.913262 52.374982,4.914535 52.375828,4.922497 52.374661,4.92273 52.374648,4.922918 52.37452,4.922783 52.374078,4.923182 52.373879,4.923694 52.373867,4.926075 52.373591,4.927617 52.373283,4.928307 52.373678))";"POLYGON((52.373678 4.928307,52.373414 4.929458,52.372841 4.930952,52.371894 4.932212,52.370965 4.932593,52.370387 4.93287,52.369332 4.932847,52.368544 4.932483,52.367383 4.931987,52.367297 4.925567,52.367317 4.925263,52.367493 4.924856,52.368989 4.920646,52.370936 4.91496,52.371335 4.914654,52.371789 4.914158,52.372063 4.915019,52.372463 4.914991,52.37265 4.915385,52.372565 4.915596,52.373168 4.916615,52.373565 4.915912,52.373188 4.9144,52.374982 4.913262,52.375828 4.914535,52.374661 4.922497,52.374648 4.92273,52.37452 4.922918,52.374078 4.922783,52.373879 4.923182,52.373867 4.923694,52.373591 4.926075,52.373283 4.927617,52.373678 4.928307))";4.923071;52.3715555;
37;36;"";"Oplossingenkaart nog niet beschikbaar.";"";"";"";"POLYGON((4.931331 52.366311,4.930987 52.36581,4.930684 52.364977,4.930539 52.363954,4.930711 52.362433,4.930643 52.361457,4.930302 52.360671,4.92969 52.359766,4.928224 52.358737,4.926794 52.358066,4.925014 52.357417,4.919283 52.355778,4.91638 52.354862,4.915647 52.354384,4.914913 52.353929,4.914492 52.353356,4.914072 52.35269,4.913927 52.351903,4.91409 52.351025,4.914684 52.350005,4.915038 52.349483,4.912913 52.34857,4.911014 52.351845,4.908893 52.354047,4.908506 52.353975,4.907562 52.355041,4.90542 52.359217,4.906737 52.359532,4.908125 52.360441,4.908785 52.360539,4.910339 52.360426,4.910804 52.360594,4.911653 52.361145,4.913554 52.361224,4.914912 52.361515,4.916267 52.361948,4.917081 52.361999,4.918053 52.362003,4.91875 52.362124,4.919407 52.362531,4.920059 52.363152,4.921846 52.363349,4.922579 52.363733,4.92671 52.366103,4.92714 52.365891,4.928615 52.366039,4.928807 52.36623,4.931331 52.366311))";"POLYGON((52.366311 4.931331,52.36581 4.930987,52.364977 4.930684,52.363954 4.930539,52.362433 4.930711,52.361457 4.930643,52.360671 4.930302,52.359766 4.92969,52.358737 4.928224,52.358066 4.926794,52.357417 4.925014,52.355778 4.919283,52.354862 4.91638,52.354384 4.915647,52.353929 4.914913,52.353356 4.914492,52.35269 4.914072,52.351903 4.913927,52.351025 4.91409,52.350005 4.914684,52.349483 4.915038,52.34857 4.912913,52.351845 4.911014,52.354047 4.908893,52.353975 4.908506,52.355041 4.907562,52.359217 4.90542,52.359532 4.906737,52.360441 4.908125,52.360539 4.908785,52.360426 4.910339,52.360594 4.910804,52.361145 4.911653,52.361224 4.913554,52.361515 4.914912,52.361948 4.916267,52.361999 4.917081,52.362003 4.918053,52.362124 4.91875,52.362531 4.919407,52.363152 4.920059,52.363349 4.921846,52.363733 4.922579,52.366103 4.92671,52.365891 4.92714,52.366039 4.928615,52.36623 4.928807,52.366311 4.931331))";4.9183805;52.3574335;
38;46;"";"Oplossingenkaart nog niet beschikbaar.";"";"";"";"POLYGON((4.931159 52.360956,4.931508 52.360957,4.931746 52.360578,4.93202 52.36027,4.932767 52.359416,4.933862 52.358731,4.934836 52.358355,4.936679 52.35759,4.93081 52.356337,4.929908 52.356127,4.928532 52.355563,4.915357 52.349638,4.914518 52.350937,4.914281 52.351997,4.91485 52.353259,4.915271 52.353808,4.916659 52.354693,4.925991 52.357441,4.927693 52.358137,4.929044 52.358903,4.9302 52.359835,4.931159 52.360956))";"POLYGON((52.360956 4.931159,52.360957 4.931508,52.360578 4.931746,52.36027 4.93202,52.359416 4.932767,52.358731 4.933862,52.358355 4.934836,52.35759 4.936679,52.356337 4.93081,52.356127 4.929908,52.355563 4.928532,52.349638 4.915357,52.350937 4.914518,52.351997 4.914281,52.353259 4.91485,52.353808 4.915271,52.354693 4.916659,52.357441 4.925991,52.358137 4.927693,52.358903 4.929044,52.359835 4.9302,52.360956 4.931159))";4.925485;52.3552905;
39;35;"";"Oplossingenkaart nog niet beschikbaar.";"";"";"";"POLYGON((4.932031 52.36629,4.933352 52.366295,4.933471 52.366034,4.944851 52.366148,4.946366 52.366173,4.947336 52.366061,4.947879 52.365642,4.947624 52.36511,4.947357 52.364624,4.94724 52.364207,4.946786 52.363016,4.946358 52.363063,4.946204 52.362942,4.946555 52.362825,4.946361 52.362824,4.944149 52.362436,4.944386 52.362103,4.945783 52.362323,4.944656 52.358419,4.941313 52.358621,4.940692 52.358619,4.937476 52.357916,4.935955 52.358481,4.93373 52.359614,4.93267 52.360751,4.932158 52.361487,4.931323 52.363243,4.931232 52.364575,4.931688 52.365599,4.932031 52.36629))";"POLYGON((52.36629 4.932031,52.366295 4.933352,52.366034 4.933471,52.366148 4.944851,52.366173 4.946366,52.366061 4.947336,52.365642 4.947879,52.36511 4.947624,52.364624 4.947357,52.364207 4.94724,52.363016 4.946786,52.363063 4.946358,52.362942 4.946204,52.362825 4.946555,52.362824 4.946361,52.362436 4.944149,52.362103 4.944386,52.362323 4.945783,52.358419 4.944656,52.358621 4.941313,52.358619 4.940692,52.357916 4.937476,52.358481 4.935955,52.359614 4.93373,52.360751 4.93267,52.361487 4.932158,52.363243 4.931323,52.364575 4.931232,52.365599 4.931688,52.36629 4.932031))";4.9395605;52.3620985;
40;47;"";"Oplossingenkaart nog niet beschikbaar.";"";"";"";"POLYGON((4.937868 52.357633,4.940581 52.358166,4.94225 52.358148,4.959462 52.357451,4.960163 52.357429,4.964998 52.35533,4.96316 52.352494,4.962502 52.352397,4.961883 52.352085,4.961264 52.351845,4.961034 52.351535,4.960765 52.351226,4.960809 52.350631,4.960697 52.35025,4.960625 52.349632,4.960203 52.349083,4.955135 52.351252,4.954041 52.351962,4.953261 52.352245,4.952366 52.35236,4.95182 52.352667,4.951156 52.353092,4.950881 52.353448,4.950174 52.354135,4.94842 52.354842,4.948341 52.355008,4.943466 52.357035,4.942572 52.35708,4.94067 52.357025,4.939542 52.357116,4.937868 52.357633))";"POLYGON((52.357633 4.937868,52.358166 4.940581,52.358148 4.94225,52.357451 4.959462,52.357429 4.960163,52.35533 4.964998,52.352494 4.96316,52.352397 4.962502,52.352085 4.961883,52.351845 4.961264,52.351535 4.961034,52.351226 4.960765,52.350631 4.960809,52.35025 4.960697,52.349632 4.960625,52.349083 4.960203,52.351252 4.955135,52.351962 4.954041,52.352245 4.953261,52.35236 4.952366,52.352667 4.95182,52.353092 4.951156,52.353448 4.950881,52.354135 4.950174,52.354842 4.94842,52.355008 4.948341,52.357035 4.943466,52.35708 4.942572,52.357025 4.94067,52.357116 4.939542,52.357633 4.937868))";4.951438;52.3536175;
41;43;"";"Oplossingenkaart nog niet beschikbaar.";"";"";"";"POLYGON((4.915276 52.349127,4.916576 52.347349,4.918355 52.344383,4.919031 52.342721,4.918257 52.342552,4.917479 52.342668,4.916042 52.342757,4.914983 52.343751,4.914711 52.343822,4.913997 52.34515,4.91446 52.345461,4.914572 52.345866,4.913383 52.34824,4.915276 52.349127))";"POLYGON((52.349127 4.915276,52.347349 4.916576,52.344383 4.918355,52.342721 4.919031,52.342552 4.918257,52.342668 4.917479,52.342757 4.916042,52.343751 4.914983,52.343822 4.914711,52.34515 4.913997,52.345461 4.91446,52.345866 4.914572,52.34824 4.913383,52.349127 4.915276))";4.916212;52.3458325;
42;45;"";"Oplossingenkaart nog niet beschikbaar.";"";"";"";"POLYGON((4.948909 52.352568,4.944988 52.350138,4.946223 52.349361,4.941671 52.346752,4.940345 52.347569,4.932955 52.343204,4.927687 52.346727,4.925458 52.348335,4.924209 52.348829,4.922799 52.348928,4.919476 52.348478,4.917072 52.348111,4.916011 52.349415,4.930002 52.355866,4.937324 52.357488,4.948909 52.352568))";"POLYGON((52.352568 4.948909,52.350138 4.944988,52.349361 4.946223,52.346752 4.941671,52.347569 4.940345,52.343204 4.932955,52.346727 4.927687,52.348335 4.925458,52.348829 4.924209,52.348928 4.922799,52.348478 4.919476,52.348111 4.917072,52.349415 4.916011,52.355866 4.930002,52.357488 4.937324,52.352568 4.948909))";4.932465;52.350339;
43;44;"";"Oplossingenkaart nog niet beschikbaar.";"";"";"";"POLYGON((4.9173 52.347849,4.919169 52.348144,4.921768 52.348463,4.922849 52.348567,4.924033 52.348435,4.92491 52.348078,4.935551 52.340859,4.939227 52.338257,4.941373 52.337196,4.941065 52.337004,4.929085 52.339241,4.926861 52.340255,4.920386 52.343131,4.919534 52.342937,4.918893 52.344813,4.917145 52.347777,4.9173 52.347849))";"POLYGON((52.347849 4.9173,52.348144 4.919169,52.348463 4.921768,52.348567 4.922849,52.348435 4.924033,52.348078 4.92491,52.340859 4.935551,52.338257 4.939227,52.337196 4.941373,52.337004 4.941065,52.339241 4.929085,52.340255 4.926861,52.343131 4.920386,52.342937 4.919534,52.344813 4.918893,52.347777 4.917145,52.347849 4.9173))";4.929264;52.3427785;
44;42;"";"Oplossingenkaart nog niet beschikbaar.";"";"";"";"POLYGON((4.922319 52.333296,4.921989 52.333205,4.915682 52.331326,4.9146 52.330822,4.913436 52.330613,4.913388 52.330691,4.913228 52.331095,4.913062 52.332117,4.912519 52.335658,4.912359 52.336085,4.911808 52.336844,4.910241 52.338289,4.910317 52.338455,4.911013 52.338624,4.911516 52.338769,4.911904 52.3387,4.912665 52.339082,4.913749 52.339371,4.914791 52.339899,4.915058 52.340304,4.916761 52.340763,4.917843 52.341338,4.918537 52.341744,4.918726 52.342316,4.91923 52.342365,4.919588 52.341511,4.920577 52.339779,4.92325 52.336579,4.923528 52.336081,4.923534 52.335438,4.923424 52.334749,4.923083 52.33401,4.922584 52.333461,4.922319 52.333296))";"POLYGON((52.333296 4.922319,52.333205 4.921989,52.331326 4.915682,52.330822 4.9146,52.330613 4.913436,52.330691 4.913388,52.331095 4.913228,52.332117 4.913062,52.335658 4.912519,52.336085 4.912359,52.336844 4.911808,52.338289 4.910241,52.338455 4.910317,52.338624 4.911013,52.338769 4.911516,52.3387 4.911904,52.339082 4.912665,52.339371 4.913749,52.339899 4.914791,52.340304 4.915058,52.340763 4.916761,52.341338 4.917843,52.341744 4.918537,52.342316 4.918726,52.342365 4.91923,52.341511 4.919588,52.339779 4.920577,52.336579 4.92325,52.336081 4.923528,52.335438 4.923534,52.334749 4.923424,52.33401 4.923083,52.333461 4.922584,52.333296 4.922319))";4.9168925;52.336482;
45;56;"";"Oplossingenkaart nog niet beschikbaar.";"";"";"";"POLYGON((4.938826 52.336966,4.938725 52.336575,4.93807 52.336026,4.936138 52.335091,4.936096 52.335062,4.935933 52.335059,4.928294 52.332444,4.92579 52.335288,4.925592 52.3354,4.921468 52.339996,4.920875 52.340969,4.920325 52.34168,4.920245 52.34187,4.919849 52.342558,4.920353 52.342584,4.921404 52.342303,4.927178 52.339638,4.927414 52.339377,4.928349 52.339096,4.928701 52.338835,4.928973 52.338742,4.929521 52.338363,4.929868 52.338626,4.935079 52.337647,4.938826 52.336966))";"POLYGON((52.336966 4.938826,52.336575 4.938725,52.336026 4.93807,52.335091 4.936138,52.335062 4.936096,52.335059 4.935933,52.332444 4.928294,52.335288 4.92579,52.3354 4.925592,52.339996 4.921468,52.340969 4.920875,52.34168 4.920325,52.34187 4.920245,52.342558 4.919849,52.342584 4.920353,52.342303 4.921404,52.339638 4.927178,52.339377 4.927414,52.339096 4.928349,52.338835 4.928701,52.338742 4.928973,52.338363 4.929521,52.338626 4.929868,52.337647 4.935079,52.336966 4.938826))";4.9293425;52.337507;
46;51;"";"Oplossingenkaart nog niet beschikbaar.";"";"";"";"POLYGON((4.956838 52.323603,4.971149 52.308031,4.956184 52.303007,4.945046 52.315284,4.950421 52.317016,4.950458 52.317302,4.947712 52.320335,4.94771 52.320478,4.947825 52.320574,4.956838 52.323603))";"POLYGON((52.323603 4.956838,52.308031 4.971149,52.303007 4.956184,52.315284 4.945046,52.317016 4.950421,52.317302 4.950458,52.320335 4.947712,52.320478 4.94771,52.320574 4.947825,52.323603 4.956838))";4.9581025;52.313298;
47;50;"";"Oplossingenkaart nog niet beschikbaar.";"";"";"";"POLYGON((4.986254 52.329015,4.988644 52.327685,4.989377 52.327122,4.99021 52.326145,4.990705 52.325106,4.990953 52.324423,4.991789 52.323296,4.992427 52.322288,4.993262 52.321221,4.99434 52.319946,4.995273 52.31876,4.996301 52.317545,4.990456 52.31485,4.983544 52.31233,4.983253 52.312234,4.971506 52.308217,4.957341 52.323747,4.96678 52.327063,4.967438 52.327279,4.967787 52.327256,4.969113 52.326548,4.969504 52.32624,4.969894 52.326004,4.970167 52.326005,4.970514 52.326197,4.970707 52.326286,4.971384 52.326467,4.97283 52.327453,4.97442 52.328737,4.974902 52.329005,4.975243 52.328947,4.977798 52.33065,4.98076 52.330393,4.982167 52.330338,4.983429 52.330283,4.984695 52.329871,4.986254 52.329015))";"POLYGON((52.329015 4.986254,52.327685 4.988644,52.327122 4.989377,52.326145 4.99021,52.325106 4.990705,52.324423 4.990953,52.323296 4.991789,52.322288 4.992427,52.321221 4.993262,52.319946 4.99434,52.31876 4.995273,52.317545 4.996301,52.31485 4.990456,52.31233 4.983544,52.312234 4.983253,52.308217 4.971506,52.323747 4.957341,52.327063 4.96678,52.327279 4.967438,52.327256 4.967787,52.326548 4.969113,52.32624 4.969504,52.326004 4.969894,52.326005 4.970167,52.326197 4.970514,52.326286 4.970707,52.326467 4.971384,52.327453 4.97283,52.328737 4.97442,52.329005 4.974902,52.328947 4.975243,52.33065 4.977798,52.330393 4.98076,52.330338 4.982167,52.330283 4.983429,52.329871 4.984695,52.329015 4.986254))";4.976826;52.3194265;
48;49;"";"Oplossingenkaart nog niet beschikbaar.";"";"";"";"MULTIPOLYGON(((4.990061 52.363854,4.987824 52.362206,4.987354 52.362537,4.985116 52.360936,4.985858 52.36044,4.987079 52.35977,4.987508 52.359605,4.992074 52.361571,4.996362 52.359683,5.008457 52.353278,5.014257 52.347137,5.009108 52.345313,5.004118 52.3477,4.999043 52.350774,4.99939 52.351037,4.999 52.351273,4.998651 52.351106,4.990184 52.355644,4.989448 52.355451,4.986951 52.356774,4.986746 52.357963,4.987289 52.357988,4.988773 52.35716,4.989431 52.357281,4.989742 52.357378,4.989781 52.357425,4.988219 52.358229,4.988293 52.358657,4.986498 52.359579,4.985433 52.3602,4.984732 52.360436,4.980476 52.358662,4.979653 52.359444,4.979885 52.359611,4.978435 52.360938,4.977119 52.36041,4.976257 52.361215,4.975446 52.36088,4.974739 52.361567,4.975089 52.361687,4.974658 52.362042,4.977513 52.364002,4.977747 52.363932,4.978559 52.364458,4.980862 52.363157,4.985041 52.364836,4.984495 52.365191,4.984842 52.365453,4.990061 52.363854)),((5.007135 52.344526,5.005242 52.344329,5.003761 52.345019,4.999681 52.34628,4.998701 52.348218,5.005088 52.345974,5.007135 52.344526)),((4.992833 52.353615,4.997673 52.350825,4.99752 52.350491,4.996818 52.350869,4.996508 52.350797,4.9921 52.35297,4.989561 52.354578,4.99022 52.354819,4.992833 52.353615)))";"MULTIPOLYGON(((52.363854 4.990061,52.362206 4.987824,52.362537 4.987354,52.360936 4.985116,52.36044 4.985858,52.35977 4.987079,52.359605 4.987508,52.361571 4.992074,52.359683 4.996362,52.353278 5.008457,52.347137 5.014257,52.345313 5.009108,52.3477 5.004118,52.350774 4.999043,52.351037 4.99939,52.351273 4.999,52.351106 4.998651,52.355644 4.990184,52.355451 4.989448,52.356774 4.986951,52.357963 4.986746,52.357988 4.987289,52.35716 4.988773,52.357281 4.989431,52.357378 4.989742,52.357425 4.989781,52.358229 4.988219,52.358657 4.988293,52.359579 4.986498,52.3602 4.985433,52.360436 4.984732,52.358662 4.980476,52.359444 4.979653,52.359611 4.979885,52.360938 4.978435,52.36041 4.977119,52.361215 4.976257,52.36088 4.975446,52.361567 4.974739,52.361687 4.975089,52.362042 4.974658,52.364002 4.977513,52.363932 4.977747,52.364458 4.978559,52.363157 4.980862,52.364836 4.985041,52.365191 4.984495,52.365453 4.984842,52.363854 4.990061)),((52.344526 5.007135,52.344329 5.005242,52.345019 5.003761,52.34628 4.999681,52.348218 4.998701,52.345974 5.005088,52.344526 5.007135)),((52.353615 4.992833,52.350825 4.997673,52.350491 4.99752,52.350869 4.996818,52.350797 4.996508,52.35297 4.9921,52.354578 4.989561,52.354819 4.99022,52.353615 4.992833)))";4.9944625;52.354884;
49;26;"";"Oplossingenkaart nog niet beschikbaar.";"";"";"";"POLYGON((4.8897650 52.3671030,4.8877060 52.3685770,4.8883140 52.3722400,4.8890390 52.3746260,4.8892700 52.3748060,4.8938280 52.3789620,4.8941170 52.3792130,4.8944630 52.3796070,4.8946350 52.3798580,4.8943930 52.3805700,4.8918790 52.3813090,4.8897100 52.3823690,4.8871320 52.3836080,4.8838460 52.3855200,4.8830850 52.3858010,4.8806790 52.3820820,4.8799240 52.3818650,4.8803380 52.3813310,4.8759290 52.3744640,4.8757030 52.3738210,4.8754230 52.3727140,4.8747280 52.3723540,4.8747350 52.3718200,4.8756850 52.3702540,4.8758630 52.3699340,4.8771030 52.3685130,4.8773410 52.3680850,4.8774850 52.3674520,4.8777630 52.3668740,4.8780570 52.3666260,4.8785270 52.3663430,4.8789390 52.3660240,4.8795310 52.3652410,4.8797670 52.3648860,4.8795380 52.3645990,4.8797170 52.3642430,4.8800680 52.3640670,4.8807690 52.3638910,4.8812970 52.3635720,4.8817090 52.3631820,4.8819530 52.3622910,4.8824210 52.3620790,4.8840530 52.3619430,4.8847560 52.3617320,4.8879770 52.3601760,4.8892650 52.3590220,4.8901240 52.3586420,4.8910360 52.3585060,4.8915210 52.3584490,4.8947270 52.3582540,4.8965730 52.3581730,4.8981750 52.3581500,4.8994370 52.3582440,4.9019560 52.3587600,4.9039900 52.3591850,4.9003720 52.3659460,4.9007100 52.3661270,4.9003660 52.3665110,4.8990980 52.3670410,4.8971050 52.3672110,4.8960390 52.3670880,4.8944830 52.3671410,4.8938280 52.3672010,4.8934100 52.3668840,4.8922730 52.3667930,4.8897650 52.3671030))";"POLYGON((52.3671030 4.8897650,52.3685770 4.8877060,52.3722400 4.8883140,52.3746260 4.8890390,52.3748060 4.8892700,52.3789620 4.8938280,52.3792130 4.8941170,52.3796070 4.8944630,52.3798580 4.8946350,52.3805700 4.8943930,52.3813090 4.8918790,52.3823690 4.8897100,52.3836080 4.8871320,52.3855200 4.8838460,52.3858010 4.8830850,52.3820820 4.8806790,52.3818650 4.8799240,52.3813310 4.8803380,52.3744640 4.8759290,52.3738210 4.8757030,52.3727140 4.8754230,52.3723540 4.8747280,52.3718200 4.8747350,52.3702540 4.8756850,52.3699340 4.8758630,52.3685130 4.8771030,52.3680850 4.8773410,52.3674520 4.8774850,52.3668740 4.8777630,52.3666260 4.8780570,52.3663430 4.8785270,52.3660240 4.8789390,52.3652410 4.8795310,52.3648860 4.8797670,52.3645990 4.8795380,52.3642430 4.8797170,52.3640670 4.8800680,52.3638910 4.8807690,52.3635720 4.8812970,52.3631820 4.8817090,52.3622910 4.8819530,52.3620790 4.8824210,52.3619430 4.8840530,52.3617320 4.8847560,52.3601760 4.8879770,52.3590220 4.8892650,52.3586420 4.8901240,52.3585060 4.8910360,52.3584490 4.8915210,52.3582540 4.8947270,52.3581730 4.8965730,52.3581500 4.8981750,52.3582440 4.8994370,52.3587600 4.9019560,52.3591850 4.9039900,52.3659460 4.9003720,52.3661270 4.9007100,52.3665110 4.9003660,52.3670410 4.8990980,52.3672110 4.8971050,52.3670880 4.8960390,52.3671410 4.8944830,52.3672010 4.8938280,52.3668840 4.8934100,52.3667930 4.8922730,52.3671030 4.8897650))";4.889364;52.3719685;
50;62;"";"Oplossingenkaarten:";"";"IB20190061_62b_VanderPekbuurt.pdf";"IB20190062_62c_Bloemenbuurt.pdf";"POLYGON((4.9022540 52.3829630,4.9059030 52.3845440,4.9070060 52.3853840,4.9074730 52.3862860,4.9071760 52.3872970,4.9063040 52.3889000,4.9061220 52.3896960,4.9061790 52.3902540,4.9063380 52.3906410,4.9071410 52.3915970,4.9084010 52.3928350,4.9094100 52.3924450,4.9109760 52.3929450,4.9046230 52.3953740,4.8979580 52.3978600,4.8970830 52.3981670,4.8971440 52.3982970,4.9024420 52.4033720,4.9025540 52.4038010,4.9031220 52.4041110,4.9033600 52.4038550,4.9033680 52.4033990,4.9041640 52.4027120,4.9087260 52.4010230,4.9088950 52.4004830,4.9097610 52.4003790,4.9102220 52.3998010,4.9117110 52.3999730,4.9117720 52.4006270,4.9131510 52.4006860,4.9137120 52.4005840,4.9155660 52.4008970,4.9191050 52.4001130,4.9198330 52.3998570,4.9202880 52.3994710,4.9198910 52.3992410,4.9197390 52.3988980,4.9202140 52.3981210,4.9210950 52.3970770,4.9215340 52.3967560,4.9215380 52.3963750,4.9212310 52.3960890,4.9210150 52.3959350,4.9207350 52.3958010,4.9205800 52.3958010,4.9205510 52.3956490,4.9206770 52.3954780,4.9207720 52.3952690,4.9206190 52.3949640,4.9200120 52.3936490,4.9192230 52.3918390,4.9186390 52.3912270,4.9181470 52.3906170,4.9176250 52.3900250,4.9168540 52.3894520,4.9152790 52.3883230,4.9139210 52.3874040,4.9136750 52.3872510,4.9133730 52.3870250,4.9129730 52.3866430,4.9126010 52.3865660,4.9096910 52.3853550,4.9095060 52.3851840,4.9078920 52.3850250,4.9075500 52.3850240,4.9067460 52.3846780,4.9064370 52.3844490,4.9072190 52.3839570,4.9072510 52.3838430,4.9033230 52.3820390,4.9022540 52.3829630))";"POLYGON((52.3829630 4.9022540,52.3845440 4.9059030,52.3853840 4.9070060,52.3862860 4.9074730,52.3872970 4.9071760,52.3889000 4.9063040,52.3896960 4.9061220,52.3902540 4.9061790,52.3906410 4.9063380,52.3915970 4.9071410,52.3928350 4.9084010,52.3924450 4.9094100,52.3929450 4.9109760,52.3953740 4.9046230,52.3978600 4.8979580,52.3981670 4.8970830,52.3982970 4.8971440,52.4033720 4.9024420,52.4038010 4.9025540,52.4041110 4.9031220,52.4038550 4.9033600,52.4033990 4.9033680,52.4027120 4.9041640,52.4010230 4.9087260,52.4004830 4.9088950,52.4003790 4.9097610,52.3998010 4.9102220,52.3999730 4.9117110,52.4006270 4.9117720,52.4006860 4.9131510,52.4005840 4.9137120,52.4008970 4.9155660,52.4001130 4.9191050,52.3998570 4.9198330,52.3994710 4.9202880,52.3992410 4.9198910,52.3988980 4.9197390,52.3981210 4.9202140,52.3970770 4.9210950,52.3967560 4.9215340,52.3963750 4.9215380,52.3960890 4.9212310,52.3959350 4.9210150,52.3958010 4.9207350,52.3958010 4.9205800,52.3956490 4.9205510,52.3954780 4.9206770,52.3952690 4.9207720,52.3949640 4.9206190,52.3936490 4.9200120,52.3918390 4.9192230,52.3912270 4.9186390,52.3906170 4.9181470,52.3900250 4.9176250,52.3894520 4.9168540,52.3883230 4.9152790,52.3874040 4.9139210,52.3872510 4.9136750,52.3870250 4.9133730,52.3866430 4.9129730,52.3865660 4.9126010,52.3853550 4.9096910,52.3851840 4.9095060,52.3850250 4.9078920,52.3850240 4.9075500,52.3846780 4.9067460,52.3844490 4.9064370,52.3839570 4.9072190,52.3838430 4.9072510,52.3820390 4.9033230,52.3829630 4.9022540))";4.9093155;52.393068;
51;6;"";"Oplossingenkaart nog niet beschikbaar.";"";"";"";"POLYGON((4.871491 52.400225,4.873135 52.397643,4.875875 52.398098,4.874252 52.401877,4.875411 52.402581,4.879225 52.395392,4.88487 52.391278,4.885897 52.393137,4.886058 52.392725,4.885213 52.390926,4.878803 52.391783,4.87833 52.392037,4.877209 52.392767,4.876826 52.392957,4.873686 52.39304,4.872721 52.393143,4.869452 52.393391,4.867471 52.393335,4.866615 52.393473,4.86138 52.395566,4.869108 52.399643,4.869687 52.399978,4.871491 52.400225))";"POLYGON((52.400225 4.871491,52.397643 4.873135,52.398098 4.875875,52.401877 4.874252,52.402581 4.875411,52.395392 4.879225,52.391278 4.88487,52.393137 4.885897,52.392725 4.886058,52.390926 4.885213,52.391783 4.878803,52.392037 4.87833,52.392767 4.877209,52.392957 4.876826,52.39304 4.873686,52.393143 4.872721,52.393391 4.869452,52.393335 4.867471,52.393473 4.866615,52.395566 4.86138,52.399643 4.869108,52.399978 4.869687,52.400225 4.871491))";4.873724;52.3967465;
52;10;"";"Oplossingenkaart nog niet beschikbaar.";"";"";"";"POLYGON((4.852511 52.398875,4.853011 52.398668,4.853136 52.398706,4.854746 52.397981,4.856309 52.397227,4.858889 52.396021,4.860796 52.395183,4.862173 52.394485,4.862285 52.3942,4.862802 52.39387,4.863178 52.393624,4.863507 52.393387,4.863726 52.393208,4.864024 52.392981,4.864951 52.39231,4.865278 52.392043,4.866666 52.390965,4.867701 52.390227,4.868917 52.389636,4.869647 52.389313,4.849101 52.389157,4.848476 52.389211,4.847247 52.389234,4.846812 52.389261,4.845397 52.389311,4.844992 52.389367,4.844727 52.38947,4.844037 52.38944,4.833635 52.389535,4.833619 52.389636,4.834483 52.38997,4.835677 52.390456,4.836629 52.390983,4.838033 52.392151,4.83934 52.392115,4.839799 52.392716,4.840723 52.393491,4.841834 52.394153,4.842905 52.394675,4.843387 52.394844,4.844549 52.39512,4.844608 52.395367,4.844788 52.395872,4.845029 52.396444,4.845395 52.397025,4.845793 52.397645,4.846253 52.39818,4.846651 52.398629,4.847006 52.398945,4.848192 52.399901,4.848545 52.400169,4.8489 52.400532,4.851524 52.399412,4.852588 52.398951,4.852511 52.398875))";"POLYGON((52.398875 4.852511,52.398668 4.853011,52.398706 4.853136,52.397981 4.854746,52.397227 4.856309,52.396021 4.858889,52.395183 4.860796,52.394485 4.862173,52.3942 4.862285,52.39387 4.862802,52.393624 4.863178,52.393387 4.863507,52.393208 4.863726,52.392981 4.864024,52.39231 4.864951,52.392043 4.865278,52.390965 4.866666,52.390227 4.867701,52.389636 4.868917,52.389313 4.869647,52.389157 4.849101,52.389211 4.848476,52.389234 4.847247,52.389261 4.846812,52.389311 4.845397,52.389367 4.844992,52.38947 4.844727,52.38944 4.844037,52.389535 4.833635,52.389636 4.833619,52.38997 4.834483,52.390456 4.835677,52.390983 4.836629,52.392151 4.838033,52.392115 4.83934,52.392716 4.839799,52.393491 4.840723,52.394153 4.841834,52.394675 4.842905,52.394844 4.843387,52.39512 4.844549,52.395367 4.844608,52.395872 4.844788,52.396444 4.845029,52.397025 4.845395,52.397645 4.845793,52.39818 4.846253,52.398629 4.846651,52.398945 4.847006,52.399901 4.848192,52.400169 4.848545,52.400532 4.8489,52.399412 4.851524,52.398951 4.852588,52.398875 4.852511))";4.851638;52.3948375;
53;11;"";"Oplossingenkaart nog niet beschikbaar.";"";"";"";"POLYGON((4.845487 52.38893,4.850121 52.388856,4.865354 52.388963,4.869305 52.38879,4.870799 52.388663,4.8746 52.38807,4.876313 52.387793,4.877622 52.387532,4.880617 52.386612,4.8815 52.386328,4.881511 52.386239,4.881397 52.385941,4.88131 52.385893,4.88078 52.385947,4.880563 52.385946,4.880191 52.385888,4.879972 52.385849,4.865549 52.385634,4.865238 52.385633,4.865021 52.385594,4.864803 52.385631,4.864586 52.385554,4.864586 52.385611,4.864615 52.385744,4.86446 52.385724,4.864275 52.385553,4.839346 52.385087,4.839067 52.3859,4.838398 52.387809,4.838281 52.38864,4.839092 52.388644,4.839744 52.388667,4.843519 52.388855,4.844048 52.388886,4.844687 52.388847,4.845395 52.388855,4.845487 52.38893))";"POLYGON((52.38893 4.845487,52.388856 4.850121,52.388963 4.865354,52.38879 4.869305,52.388663 4.870799,52.38807 4.8746,52.387793 4.876313,52.387532 4.877622,52.386612 4.880617,52.386328 4.8815,52.386239 4.881511,52.385941 4.881397,52.385893 4.88131,52.385947 4.88078,52.385946 4.880563,52.385888 4.880191,52.385849 4.879972,52.385634 4.865549,52.385633 4.865238,52.385594 4.865021,52.385631 4.864803,52.385554 4.864586,52.385611 4.864586,52.385744 4.864615,52.385724 4.86446,52.385553 4.864275,52.385087 4.839346,52.3859 4.839067,52.387809 4.838398,52.38864 4.838281,52.388644 4.839092,52.388667 4.839744,52.388855 4.843519,52.388886 4.844048,52.388847 4.844687,52.388855 4.845395,52.38893 4.845487))";4.859901;52.387018;
54;8;"";"Oplossingenkaart nog niet beschikbaar.";"";"";"";"POLYGON((4.773102 52.389034,4.773225 52.390678,4.773656 52.391067,4.775107 52.391639,4.777285 52.392214,4.778155 52.392486,4.77961 52.392672,4.781794 52.392921,4.784707 52.393025,4.796077 52.392993,4.802683 52.393174,4.803606 52.39312,4.807159 52.39275,4.808572 52.39243,4.810477 52.391548,4.812675 52.390756,4.815015 52.390083,4.817157 52.389707,4.818567 52.389625,4.818188 52.388872,4.813427 52.388939,4.813036 52.389026,4.811044 52.389046,4.794381 52.388964,4.773102 52.389034))";"POLYGON((52.389034 4.773102,52.390678 4.773225,52.391067 4.773656,52.391639 4.775107,52.392214 4.777285,52.392486 4.778155,52.392672 4.77961,52.392921 4.781794,52.393025 4.784707,52.392993 4.796077,52.393174 4.802683,52.39312 4.803606,52.39275 4.807159,52.39243 4.808572,52.391548 4.810477,52.390756 4.812675,52.390083 4.815015,52.389707 4.817157,52.389625 4.818567,52.388872 4.818188,52.388939 4.813427,52.389026 4.813036,52.389046 4.811044,52.388964 4.794381,52.389034 4.773102))";4.7958395;52.391016;
55;2;"";"Oplossingenkaart nog niet beschikbaar.";"";"";"";"POLYGON((4.77972 52.401982,4.793659 52.402023,4.793693 52.403842,4.779167 52.403801,4.778762 52.403952,4.778552 52.405663,4.77911 52.40578,4.778884 52.408747,4.778882 52.408897,4.779914 52.409229,4.799276 52.409362,4.799261 52.410503,4.793778 52.410548,4.793643 52.411974,4.778839 52.41202,4.778838 52.412113,4.772228 52.42435,4.772688 52.424866,4.774173 52.425502,4.803085 52.421747,4.800463 52.420069,4.798506 52.419454,4.800639 52.417003,4.800932 52.416968,4.801456 52.417007,4.804417 52.418056,4.805005 52.417738,4.805774 52.416921,4.806358 52.416817,4.807113 52.417071,4.80594 52.415364,4.805129 52.414142,4.804514 52.412801,4.803858 52.410955,4.803483 52.409943,4.802973 52.408097,4.802631 52.404439,4.802553 52.402983,4.802377 52.401644,4.802446 52.400129,4.802703 52.399,4.803307 52.397398,4.804347 52.396006,4.806022 52.394201,4.807592 52.39302,4.805352 52.393365,4.803067 52.393533,4.803201 52.394396,4.802276 52.39448,4.801985 52.394479,4.800231 52.394797,4.799164 52.394732,4.798002 52.3944,4.796503 52.393887,4.794512 52.393788,4.789166 52.39388,4.78455 52.393916,4.780567 52.393807,4.777607 52.393435,4.775236 52.392799,4.773255 52.391986,4.772861 52.392341,4.772131 52.392455,4.775744 52.399543,4.776108 52.40023,4.778624 52.400413,4.778887 52.40167,4.77972 52.401982))";"POLYGON((52.401982 4.77972,52.402023 4.793659,52.403842 4.793693,52.403801 4.779167,52.403952 4.778762,52.405663 4.778552,52.40578 4.77911,52.408747 4.778884,52.408897 4.778882,52.409229 4.779914,52.409362 4.799276,52.410503 4.799261,52.410548 4.793778,52.411974 4.793643,52.41202 4.778839,52.412113 4.778838,52.42435 4.772228,52.424866 4.772688,52.425502 4.774173,52.421747 4.803085,52.420069 4.800463,52.419454 4.798506,52.417003 4.800639,52.416968 4.800932,52.417007 4.801456,52.418056 4.804417,52.417738 4.805005,52.416921 4.805774,52.416817 4.806358,52.417071 4.807113,52.415364 4.80594,52.414142 4.805129,52.412801 4.804514,52.410955 4.803858,52.409943 4.803483,52.408097 4.802973,52.404439 4.802631,52.402983 4.802553,52.401644 4.802377,52.400129 4.802446,52.399 4.802703,52.397398 4.803307,52.396006 4.804347,52.394201 4.806022,52.39302 4.807592,52.393365 4.805352,52.393533 4.803067,52.394396 4.803201,52.39448 4.802276,52.394479 4.801985,52.394797 4.800231,52.394732 4.799164,52.3944 4.798002,52.393887 4.796503,52.393788 4.794512,52.39388 4.789166,52.393916 4.78455,52.393807 4.780567,52.393435 4.777607,52.392799 4.775236,52.391986 4.773255,52.392341 4.772861,52.392455 4.772131,52.399543 4.775744,52.40023 4.776108,52.400413 4.778624,52.40167 4.778887,52.401982 4.77972))";4.7898665;52.408737;
56;3;"";"Oplossingenkaart nog niet beschikbaar.";"";"";"";"POLYGON((4.810843 52.418244,4.819402 52.401236,4.818936 52.401269,4.819165 52.397026,4.808322 52.397031,4.809864 52.394841,4.81718 52.394773,4.828995 52.394852,4.828983 52.395851,4.826224 52.395838,4.82622 52.396147,4.824237 52.396114,4.824156 52.396446,4.823184 52.396442,4.823164 52.397963,4.823473 52.398203,4.834979 52.398138,4.835037 52.399803,4.823181 52.399747,4.823161 52.401316,4.835017 52.401372,4.835079 52.402657,4.822677 52.402669,4.821442 52.405042,4.834971 52.405058,4.834876 52.406074,4.843972 52.402288,4.844756 52.40176,4.848163 52.400775,4.847727 52.400428,4.848023 52.40028,4.84652 52.398999,4.845335 52.397736,4.844566 52.396594,4.844018 52.395288,4.843139 52.395104,4.842309 52.394876,4.841554 52.394602,4.840336 52.393997,4.839441 52.393916,4.839379 52.393802,4.839474 52.393688,4.837749 52.392291,4.837412 52.391979,4.836313 52.391097,4.835484 52.390645,4.833768 52.389942,4.833371 52.389998,4.832945 52.389877,4.821672 52.389943,4.821441 52.389775,4.820274 52.389913,4.819264 52.389908,4.81751 52.390209,4.813418 52.391116,4.812015 52.391466,4.810138 52.392265,4.809191 52.392733,4.806721 52.394433,4.805007 52.396172,4.803577 52.398448,4.803079 52.400906,4.803364 52.405795,4.803844 52.409186,4.80491 52.412402,4.807822 52.417337,4.810843 52.418244))";"POLYGON((52.418244 4.810843,52.401236 4.819402,52.401269 4.818936,52.397026 4.819165,52.397031 4.808322,52.394841 4.809864,52.394773 4.81718,52.394852 4.828995,52.395851 4.828983,52.395838 4.826224,52.396147 4.82622,52.396114 4.824237,52.396446 4.824156,52.396442 4.823184,52.397963 4.823164,52.398203 4.823473,52.398138 4.834979,52.399803 4.835037,52.399747 4.823181,52.401316 4.823161,52.401372 4.835017,52.402657 4.835079,52.402669 4.822677,52.405042 4.821442,52.405058 4.834971,52.406074 4.834876,52.402288 4.843972,52.40176 4.844756,52.400775 4.848163,52.400428 4.847727,52.40028 4.848023,52.398999 4.84652,52.397736 4.845335,52.396594 4.844566,52.395288 4.844018,52.395104 4.843139,52.394876 4.842309,52.394602 4.841554,52.393997 4.840336,52.393916 4.839441,52.393802 4.839379,52.393688 4.839474,52.392291 4.837749,52.391979 4.837412,52.391097 4.836313,52.390645 4.835484,52.389942 4.833768,52.389998 4.833371,52.389877 4.832945,52.389943 4.821672,52.389775 4.821441,52.389913 4.820274,52.389908 4.819264,52.390209 4.81751,52.391116 4.813418,52.391466 4.812015,52.392265 4.810138,52.392733 4.809191,52.394433 4.806721,52.396172 4.805007,52.398448 4.803577,52.400906 4.803079,52.405795 4.803364,52.409186 4.803844,52.412402 4.80491,52.417337 4.807822,52.418244 4.810843))";4.825626;52.4040025;
57;4;"";"Oplossingenkaart nog niet beschikbaar.";"";"";"";"POLYGON((4.814267 52.419651,4.814788 52.41994,4.820864 52.419184,4.821339 52.418616,4.822508 52.418514,4.823027 52.418945,4.826183 52.41846,4.826655 52.417963,4.827821 52.418111,4.840619 52.416387,4.840797 52.416138,4.840742 52.415817,4.838545 52.414237,4.827794 52.415543,4.827745 52.414865,4.836977 52.413588,4.832246 52.409428,4.835001 52.4083,4.841699 52.41386,4.843073 52.411226,4.840013 52.408645,4.84107 52.408114,4.84332 52.41005,4.843554 52.410051,4.844274 52.408378,4.849844 52.406014,4.851346 52.40709,4.847184 52.408926,4.843888 52.416117,4.844001 52.416367,4.854223 52.415343,4.855335 52.415027,4.855338 52.414777,4.854753 52.414882,4.853719 52.413522,4.853381 52.412522,4.853035 52.412234,4.853039 52.411842,4.853161 52.411343,4.853518 52.410917,4.853988 52.410526,4.85551 52.410141,4.857083 52.410184,4.858187 52.410652,4.85888 52.411226,4.859339 52.411764,4.859681 52.412443,4.860084 52.412908,4.860138 52.413301,4.859612 52.413441,4.859085 52.413653,4.85811 52.412186,4.856191 52.411678,4.855607 52.411675,4.855428 52.412031,4.855946 52.412604,4.856465 52.413249,4.857088 52.414714,4.861715 52.413201,4.860854 52.411912,4.86086 52.411449,4.85867 52.409192,4.855437 52.406396,4.849021 52.401694,4.848154 52.401048,4.834803 52.40655,4.833923 52.405941,4.831636 52.406858,4.820907 52.406771,4.817018 52.414314,4.816317 52.414418,4.815237 52.416803,4.815818 52.417055,4.814267 52.419651))";"POLYGON((52.419651 4.814267,52.41994 4.814788,52.419184 4.820864,52.418616 4.821339,52.418514 4.822508,52.418945 4.823027,52.41846 4.826183,52.417963 4.826655,52.418111 4.827821,52.416387 4.840619,52.416138 4.840797,52.415817 4.840742,52.414237 4.838545,52.415543 4.827794,52.414865 4.827745,52.413588 4.836977,52.409428 4.832246,52.4083 4.835001,52.41386 4.841699,52.411226 4.843073,52.408645 4.840013,52.408114 4.84107,52.41005 4.84332,52.410051 4.843554,52.408378 4.844274,52.406014 4.849844,52.40709 4.851346,52.408926 4.847184,52.416117 4.843888,52.416367 4.844001,52.415343 4.854223,52.415027 4.855335,52.414777 4.855338,52.414882 4.854753,52.413522 4.853719,52.412522 4.853381,52.412234 4.853035,52.411842 4.853039,52.411343 4.853161,52.410917 4.853518,52.410526 4.853988,52.410141 4.85551,52.410184 4.857083,52.410652 4.858187,52.411226 4.85888,52.411764 4.859339,52.412443 4.859681,52.412908 4.860084,52.413301 4.860138,52.413441 4.859612,52.413653 4.859085,52.412186 4.85811,52.411678 4.856191,52.411675 4.855607,52.412031 4.855428,52.412604 4.855946,52.413249 4.856465,52.414714 4.857088,52.413201 4.861715,52.411912 4.860854,52.411449 4.86086,52.409192 4.85867,52.406396 4.855437,52.401694 4.849021,52.401048 4.848154,52.40655 4.834803,52.405941 4.833923,52.406858 4.831636,52.406771 4.820907,52.414314 4.817018,52.414418 4.816317,52.416803 4.815237,52.417055 4.815818,52.419651 4.814267))";4.837996;52.410487;
58;5;"";"Oplossingenkaart nog niet beschikbaar.";"";"";"";"POLYGON((4.857569 52.406394,4.857424 52.405749,4.858614 52.405378,4.859223 52.405882,4.859552 52.405758,4.862999 52.408553,4.865058 52.40751,4.861978 52.404868,4.863667 52.403999,4.866909 52.406742,4.867814 52.40632,4.867575 52.405769,4.869757 52.404727,4.870242 52.405329,4.869746 52.405652,4.870217 52.407432,4.866914 52.409771,4.867234 52.410474,4.867687 52.410301,4.870741 52.40811,4.870986 52.408162,4.873718 52.405595,4.874621 52.405298,4.874746 52.405198,4.87165 52.403933,4.867052 52.40151,4.864771 52.400573,4.856376 52.404292,4.853864 52.402177,4.860613 52.399178,4.859114 52.397845,4.856109 52.399233,4.855298 52.398628,4.850359 52.400985,4.856356 52.405944,4.857163 52.406601,4.863908 52.41232,4.865284 52.411679,4.865091 52.411547,4.864192 52.411902,4.857569 52.406394))";"POLYGON((52.406394 4.857569,52.405749 4.857424,52.405378 4.858614,52.405882 4.859223,52.405758 4.859552,52.408553 4.862999,52.40751 4.865058,52.404868 4.861978,52.403999 4.863667,52.406742 4.866909,52.40632 4.867814,52.405769 4.867575,52.404727 4.869757,52.405329 4.870242,52.405652 4.869746,52.407432 4.870217,52.409771 4.866914,52.410474 4.867234,52.410301 4.867687,52.40811 4.870741,52.408162 4.870986,52.405595 4.873718,52.405298 4.874621,52.405198 4.874746,52.403933 4.87165,52.40151 4.867052,52.400573 4.864771,52.404292 4.856376,52.402177 4.853864,52.399178 4.860613,52.397845 4.859114,52.399233 4.856109,52.398628 4.855298,52.400985 4.850359,52.405944 4.856356,52.406601 4.857163,52.41232 4.863908,52.411679 4.865284,52.411547 4.865091,52.411902 4.864192,52.406394 4.857569))";4.8625575;52.4050755;
59;1;"";"Oplossingenkaart nog niet beschikbaar.";"";"";"";"POLYGON((4.769905 52.392911,4.769597 52.39272,4.769295 52.3921,4.762585 52.38826,4.758542 52.388381,4.758194 52.396464,4.757954 52.396939,4.757564 52.397079,4.728976 52.400825,4.739047 52.429986,4.741462 52.429713,4.742401 52.429338,4.742799 52.428769,4.745493 52.420034,4.739899 52.419527,4.740068 52.418672,4.745737 52.419274,4.746467 52.417232,4.746318 52.416708,4.745702 52.416325,4.741506 52.41597,4.741752 52.415162,4.746023 52.415613,4.747006 52.412146,4.751434 52.412504,4.751229 52.4106,4.752086 52.410462,4.753064 52.412797,4.748579 52.427231,4.748649 52.427803,4.749109 52.428233,4.749883 52.428475,4.750507 52.428431,4.763911 52.426789,4.764848 52.426557,4.765325 52.425893,4.76564 52.425562,4.759975 52.424486,4.760217 52.423965,4.765724 52.425086,4.770835 52.415602,4.766723 52.41482,4.764555 52.414095,4.765029 52.413669,4.770459 52.414649,4.772291 52.411566,4.772447 52.400296,4.774468 52.400211,4.774782 52.400023,4.774417 52.398357,4.774039 52.397546,4.773653 52.397307,4.772975 52.395781,4.772907 52.395067,4.772526 52.394542,4.771754 52.39411,4.770607 52.392773,4.769905 52.392911))";"POLYGON((52.392911 4.769905,52.39272 4.769597,52.3921 4.769295,52.38826 4.762585,52.388381 4.758542,52.396464 4.758194,52.396939 4.757954,52.397079 4.757564,52.400825 4.728976,52.429986 4.739047,52.429713 4.741462,52.429338 4.742401,52.428769 4.742799,52.420034 4.745493,52.419527 4.739899,52.418672 4.740068,52.419274 4.745737,52.417232 4.746467,52.416708 4.746318,52.416325 4.745702,52.41597 4.741506,52.415162 4.741752,52.415613 4.746023,52.412146 4.747006,52.412504 4.751434,52.4106 4.751229,52.410462 4.752086,52.412797 4.753064,52.427231 4.748579,52.427803 4.748649,52.428233 4.749109,52.428475 4.749883,52.428431 4.750507,52.426789 4.763911,52.426557 4.764848,52.425893 4.765325,52.425562 4.76564,52.424486 4.759975,52.423965 4.760217,52.425086 4.765724,52.415602 4.770835,52.41482 4.766723,52.414095 4.764555,52.413669 4.765029,52.414649 4.770459,52.411566 4.772291,52.400296 4.772447,52.400211 4.774468,52.400023 4.774782,52.398357 4.774417,52.397546 4.774039,52.397307 4.773653,52.395781 4.772975,52.395067 4.772907,52.394542 4.772526,52.39411 4.771754,52.392773 4.770607,52.392911 4.769905))";4.751884;52.409116;
60;63;"";"Oplossingenkaart nog niet beschikbaar.";"";"";"";"POLYGON((4.901928 52.383243,4.901128 52.383875,4.900162 52.383928,4.898048 52.38957,4.898638 52.389781,4.897443 52.393847,4.897279 52.394531,4.896671 52.396146,4.896627 52.397192,4.896631 52.397198,4.897217 52.397129,4.907922 52.393001,4.906765 52.391829,4.905926 52.390936,4.905612 52.389957,4.905625 52.389298,4.906079 52.3882,4.906624 52.387112,4.9069 52.386459,4.9068 52.386027,4.906336 52.385371,4.905445 52.384809,4.902071 52.383279,4.901928 52.383243))";"POLYGON((52.383243 4.901928,52.383875 4.901128,52.383928 4.900162,52.38957 4.898048,52.389781 4.898638,52.393847 4.897443,52.394531 4.897279,52.396146 4.896671,52.397192 4.896627,52.397198 4.896631,52.397129 4.897217,52.393001 4.907922,52.391829 4.906765,52.390936 4.905926,52.389957 4.905612,52.389298 4.905625,52.3882 4.906079,52.387112 4.906624,52.386459 4.9069,52.386027 4.9068,52.385371 4.906336,52.384809 4.905445,52.383279 4.902071,52.383243 4.901928))";4.9022795;52.3902135;
61;7;"";"Oplossingenkaart nog niet beschikbaar.";"";"";"";"POLYGON((4.891292 52.393911,4.896535 52.383732,4.894983 52.383583,4.893392 52.383291,4.892848 52.383245,4.891439 52.383269,4.891288 52.383803,4.891785 52.387164,4.892018 52.387997,4.891552 52.389062,4.891362 52.38898,4.890408 52.388777,4.890342 52.388476,4.890274 52.388262,4.890099 52.387263,4.890172 52.386978,4.890381 52.386979,4.890216 52.385038,4.890358 52.38501,4.890207 52.383739,4.890232 52.383582,4.89031 52.382984,4.889656 52.383009,4.88879 52.383348,4.888227 52.383617,4.886045 52.384906,4.885387 52.385231,4.884473 52.385713,4.883349 52.386107,4.883069 52.386164,4.88274 52.386304,4.881898 52.386572,4.881477 52.386727,4.881391 52.386844,4.879028 52.387576,4.876311 52.388634,4.872866 52.390132,4.867802 52.392407,4.867708 52.392464,4.868706 52.392882,4.870978 52.393068,4.873691 52.392867,4.87673 52.392774,4.877905 52.392023,4.878187 52.391767,4.878351 52.391697,4.878412 52.391665,4.879159 52.391539,4.87993 52.391429,4.880912 52.391304,4.884112 52.39089,4.884853 52.390784,4.885046 52.390738,4.885186 52.390666,4.885421 52.390568,4.885673 52.39054,4.889782 52.393359,4.891292 52.393911))";"POLYGON((52.393911 4.891292,52.383732 4.896535,52.383583 4.894983,52.383291 4.893392,52.383245 4.892848,52.383269 4.891439,52.383803 4.891288,52.387164 4.891785,52.387997 4.892018,52.389062 4.891552,52.38898 4.891362,52.388777 4.890408,52.388476 4.890342,52.388262 4.890274,52.387263 4.890099,52.386978 4.890172,52.386979 4.890381,52.385038 4.890216,52.38501 4.890358,52.383739 4.890207,52.383582 4.890232,52.382984 4.89031,52.383009 4.889656,52.383348 4.88879,52.383617 4.888227,52.384906 4.886045,52.385231 4.885387,52.385713 4.884473,52.386107 4.883349,52.386164 4.883069,52.386304 4.88274,52.386572 4.881898,52.386727 4.881477,52.386844 4.881391,52.387576 4.879028,52.388634 4.876311,52.390132 4.872866,52.392407 4.867802,52.392464 4.867708,52.392882 4.868706,52.393068 4.870978,52.392867 4.873691,52.392774 4.87673,52.392023 4.877905,52.391767 4.878187,52.391697 4.878351,52.391665 4.878412,52.391539 4.879159,52.391429 4.87993,52.391304 4.880912,52.39089 4.884112,52.390784 4.884853,52.390738 4.885046,52.390666 4.885186,52.390568 4.885421,52.39054 4.885673,52.393359 4.889782,52.393911 4.891292))";4.8821265;52.3884405;
62;48;"";"Oplossingenkaart nog niet beschikbaar.";"";"";"";"POLYGON((4.95221 52.340751,4.952054 52.340635,4.95136 52.340205,4.950123 52.339582,4.948963 52.339102,4.94726 52.338549,4.94575 52.338163,4.943309 52.337654,4.941837 52.337387,4.93985 52.338428,4.938306 52.3397,4.943042 52.342624,4.943614 52.342692,4.943976 52.343719,4.949975 52.347002,4.953991 52.344709,4.949876 52.342004,4.95221 52.340751))";"POLYGON((52.340751 4.95221,52.340635 4.952054,52.340205 4.95136,52.339582 4.950123,52.339102 4.948963,52.338549 4.94726,52.338163 4.94575,52.337654 4.943309,52.337387 4.941837,52.338428 4.93985,52.3397 4.938306,52.342624 4.943042,52.342692 4.943614,52.343719 4.943976,52.347002 4.949975,52.344709 4.953991,52.342004 4.949876,52.340751 4.95221))";4.9461535;52.3421875;
63;22;"";"De Bellamybuurt is een extreem urgent knelpunt waar met behulp van een Rainproof-oplossingenkaart gewerkt wordt aan het herinrichten van de openbare ruimte om schade en overlast bij een hoosbui te beperken.  Oplossingenkaart:";"";"20170828_22_Bellamybuurt.pdf";"";"POLYGON((4.8578520 52.3618430,4.8668270 52.3717250,4.8715882 52.3652338,4.8647628 52.3634600,4.8578520 52.3618430))";"POLYGON((52.3618430 4.8578520,52.3717250 4.8668270,52.3652338 4.8715882,52.3634600 4.8647628,52.3618430 4.8578520))";4.8647251;52.366777;
64;14;"";"Oplossingenkaarten:";"";"IB20180124_14A_Middelveldsche Akerpolder.pdf";"IB20180125_14B_Middelveldsche Akerpolder.pdf";"POLYGON((4.7670140 52.3516160,4.7818390 52.3456640,4.7908060 52.3420000,4.7914310 52.3421070,4.7950660 52.3459610,4.7961810 52.3473480,4.7970180 52.3480980,4.7985930 52.3489190,4.8002890 52.3494380,4.8032910 52.3500540,4.8016780 52.3531500,4.7989790 52.3581340,4.7986190 52.3580610,4.7950180 52.3646570,4.7857440 52.3628060,4.7837550 52.3621150,4.7813650 52.3607560,4.7777450 52.3574120,4.7773010 52.3573610,4.7765320 52.3575620,4.7760570 52.3575720,4.7756290 52.3573700,4.7741580 52.3562960,4.7726810 52.3552520,4.7710100 52.3548390,4.7693640 52.3538790,4.7670140 52.3516160))";"POLYGON((52.3516160 4.7670140,52.3456640 4.7818390,52.3420000 4.7908060,52.3421070 4.7914310,52.3459610 4.7950660,52.3473480 4.7961810,52.3480980 4.7970180,52.3489190 4.7985930,52.3494380 4.8002890,52.3500540 4.8032910,52.3531500 4.8016780,52.3581340 4.7989790,52.3580610 4.7986190,52.3646570 4.7950180,52.3628060 4.7857440,52.3621150 4.7837550,52.3607560 4.7813650,52.3574120 4.7777450,52.3573610 4.7773010,52.3575620 4.7765320,52.3575720 4.7760570,52.3573700 4.7756290,52.3562960 4.7741580,52.3552520 4.7726810,52.3548390 4.7710100,52.3538790 4.7693640,52.3516160 4.7670140))";4.7851575;52.3533215;
65;13;"";"Oplossingenkaart nog niet beschikbaar.";"";"";"";"POLYGON((4.809651 52.361224,4.808138 52.361458,4.798687 52.359462,4.793924 52.367804,4.793554 52.371516,4.793665 52.373725,4.805054 52.372583,4.805076 52.371336,4.807598 52.366864,4.809892 52.363201,4.810332 52.362707,4.810735 52.362075,4.810843 52.361433,4.809651 52.361224))";"POLYGON((52.361224 4.809651,52.361458 4.808138,52.359462 4.798687,52.367804 4.793924,52.371516 4.793554,52.373725 4.793665,52.372583 4.805054,52.371336 4.805076,52.366864 4.807598,52.363201 4.809892,52.362707 4.810332,52.362075 4.810735,52.361433 4.810843,52.361224 4.809651))";4.8022035;52.3665865;
66;16;"";"Oplossingenkaart nog niet beschikbaar.";"";"";"";"POLYGON((4.801613 52.349221,4.811896 52.351428,4.820283 52.351504,4.820863 52.34625,4.821233 52.345588,4.821452 52.345304,4.821418 52.344658,4.819908 52.343598,4.817484 52.342778,4.814399 52.342403,4.801374 52.341912,4.801652 52.343135,4.799174 52.343626,4.801613 52.349221))";"POLYGON((52.349221 4.801613,52.351428 4.811896,52.351504 4.820283,52.34625 4.820863,52.345588 4.821233,52.345304 4.821452,52.344658 4.821418,52.343598 4.819908,52.342778 4.817484,52.342403 4.814399,52.341912 4.801374,52.343135 4.801652,52.343626 4.799174,52.349221 4.801613))";4.810318;52.346701;
67;9;"";"Oplossingenkaart nog niet beschikbaar.";"";"";"";"POLYGON((4.836199 52.388678,4.837444 52.388636,4.837902 52.388639,4.837994 52.387757,4.838415 52.386425,4.83891 52.385036,4.818997 52.38479,4.819003 52.3849,4.819093 52.385115,4.81904 52.385246,4.819504 52.386942,4.81953 52.388756,4.827497 52.388735,4.832219 52.388717,4.836199 52.388678))";"POLYGON((52.388678 4.836199,52.388636 4.837444,52.388639 4.837902,52.387757 4.837994,52.386425 4.838415,52.385036 4.83891,52.38479 4.818997,52.3849 4.819003,52.385115 4.819093,52.385246 4.81904,52.386942 4.819504,52.388756 4.81953,52.388735 4.827497,52.388717 4.832219,52.388678 4.836199))";4.8289585;52.386766;

